# L = 24.0 
# X: T
# Y: Binder Cumulant
-23.946784922394677	1.0 +/- 0.0
-23.406516592130487	1.0 +/- 0.0
-22.86624826186629	1.0 +/- 0.0
-22.325979931602085	1.0 +/- 0.0
-21.785711601337894	1.0 +/- 0.0
-21.245443271073697	1.0 +/- 0.0
-20.7051749408095	0.999999991354 +/- 4.94024272393e-09
-20.164906610545305	0.9999997292 +/- 2.7117455545e-08
-19.624638280281108	0.99999815544 +/- 6.45446375072e-08
-19.08436995001691	1.00003100274 +/- 2.83279486916e-05
-18.544101619752716	0.999967544684 +/- 3.04351213595e-07
-18.003833289488515	1.0000052985 +/- 4.36663048528e-05
-17.46356495922432	0.99990935906 +/- 5.11238154954e-05
-16.923296628960124	1.00006786867 +/- 0.000106135553179
-16.38302829869593	1.00008282509 +/- 0.000141948498653
-15.842759968431732	1.00019120186 +/- 0.000206223672433
-15.302491638167538	1.00017230136 +/- 0.000220353879938
-14.76222330790334	1.00033963661 +/- 0.000313527587165
-14.221954977639143	0.999781454849 +/- 0.000314797620041
-13.681686647374946	1.00048025746 +/- 0.000409047658486
-13.141418317110752	0.999225327251 +/- 0.000465820696591
-12.601149986846554	1.00040802174 +/- 0.000544748483135
-12.060881656582358	0.999762100616 +/- 0.000650988701093
-11.520613326318163	1.00036770558 +/- 0.000794211012255
-10.980344996053967	1.00005406587 +/- 0.000903937959101
-10.44007666578977	0.998323555105 +/- 0.000881939881493
-9.899808335525574	0.99954564624 +/- 0.00117630343051
-9.359540005261376	1.00210036183 +/- 0.00125426970739
-8.81927167499718	1.00039080456 +/- 0.00112810787363
-8.279003344732985	0.99837257202 +/- 0.00148493349379
-7.738735014468787	0.998837111393 +/- 0.0014285738996
-7.19846668420459	0.999922638729 +/- 0.00150346478251
-6.658198353940395	0.998485291235 +/- 0.00187845460524
-6.1179300236762	0.999722394849 +/- 0.00234255633937
-5.5776616934120025	1.00430349837 +/- 0.00230184488032
-5.037393363147805	0.99871383317 +/- 0.00206889369825
-4.497125032883609	1.00262815094 +/- 0.00273589242965
-3.9568567026194135	1.00318176836 +/- 0.0028951153722
-3.416588372355215	0.999161035228 +/- 0.00292131763228
-2.8763200420910193	0.994334928328 +/- 0.00339602024761
-2.3360517118268236	0.999523432927 +/- 0.00402658649595
-1.7957833815626278	1.00848674257 +/- 0.00389766887116
-1.255515051298432	1.01109363472 +/- 0.00513156777334
-0.7152467210342363	1.0144335126 +/- 0.0063176253885
-0.17497839077003569	1.19463703909 +/- 0.0124720673458
0.3652899394941601	2.63081747059 +/- 0.0530013587491
0.905558269758356	3.04019833756 +/- 0.10725704054
1.4458266000225517	2.98283471286 +/- 0.129393880151
1.9860949302867477	3.02346157731 +/- 0.216526326259
2.5263632605509434	2.78013189885 +/- 0.184947467568
3.066631590815139	2.83358271462 +/- 0.220668572547
3.606899921079335	3.02491129376 +/- 0.278776152015
4.1471682513435315	2.57229484339 +/- 0.246806906898
4.687436581607731	3.49196450484 +/- 0.373170599128
5.2277049118719265	2.46562739132 +/- 0.26759123235
5.767973242136123	3.18315409641 +/- 0.35165597051
6.308241572400319	3.38637501962 +/- 0.536773387181
6.848509902664514	3.14770737119 +/- 0.421873456559
7.388778232928711	3.58063395753 +/- 0.597626536101
7.929046563192906	2.85022194979 +/- 0.471892329056


# L = 8.0 
# X: T
# Y: Binder Cumulant
-7.982261640798226	1.0 +/- 0.0
-7.802172197376828	1.0 +/- 0.0
-7.6220827539554294	1.0 +/- 0.0
-7.441993310534029	1.0 +/- 0.0
-7.261903867112631	1.0 +/- 0.0
-7.081814423691232	1.0 +/- 0.0
-6.901724980269833	1.0 +/- 0.0
-6.721635536848435	0.999999622989 +/- 1.65163322548e-07
-6.541546093427036	0.999998629049 +/- 2.93775815492e-07
-6.361456650005636	0.999990403241 +/- 9.61152081819e-07
-6.181367206584238	0.999997223163 +/- 1.65583440616e-05
-6.001277763162839	1.00000809137 +/- 3.32114930656e-05
-5.82118831974144	1.00009775456 +/- 5.69613979198e-05
-5.641098876320042	0.999990911842 +/- 7.16760621266e-05
-5.461009432898643	0.999946988389 +/- 0.000101489205386
-5.280919989477244	1.00014468001 +/- 0.000149694335807
-5.100830546055846	1.00004842424 +/- 0.000176416306764
-4.920741102634447	0.999927717704 +/- 0.000202427565882
-4.740651659213047	1.00033058114 +/- 0.000286351430179
-4.5605622157916486	0.999435452106 +/- 0.000294638978385
-4.380472772370251	0.999717604731 +/- 0.000326360187484
-4.200383328948852	1.00009831964 +/- 0.000427505137321
-4.020293885527453	1.00034094273 +/- 0.000402608145005
-3.840204442106054	1.00050693308 +/- 0.000573951581787
-3.6601149986846555	0.999391988759 +/- 0.00065809240084
-3.4800255552632566	1.00014067247 +/- 0.000729105471058
-3.299936111841858	1.00142345542 +/- 0.000866912933752
-3.119846668420459	1.00164750037 +/- 0.000940636128404
-2.93975722499906	1.00069933241 +/- 0.00104947893865
-2.7596677815776616	1.00077836607 +/- 0.00115392222006
-2.5795783381562623	1.00260860324 +/- 0.00132967465369
-2.3994888947348634	1.00095925016 +/- 0.00144514644282
-2.219399451313465	1.00330957395 +/- 0.00149612999807
-2.0393100078920665	1.0027099269 +/- 0.00154079610884
-1.8592205644706676	1.00312905894 +/- 0.00186297517771
-1.6791311210492683	1.00510391031 +/- 0.00187227182888
-1.4990416776278697	1.01196321964 +/- 0.00201869454156
-1.3189522342064712	1.01551267481 +/- 0.00211758323245
-1.1388627907850717	1.01974036129 +/- 0.00242298562794
-0.9587733473636731	1.02188698047 +/- 0.00263734128458
-0.7786839039422746	1.03648593319 +/- 0.00300153223931
-0.598594460520876	1.06426321887 +/- 0.00298205820922
-0.41850501709947735	1.12664112718 +/- 0.00538661695982
-0.23841557367807875	1.24076859239 +/- 0.00798246421556
-0.058326130256678564	1.45738066893 +/- 0.00975129761088
0.12176331316472004	1.76204965526 +/- 0.0109524045277
0.30185275658611865	2.05520647881 +/- 0.0163019207895
0.48194220000751725	2.25430746878 +/- 0.0221935142107
0.6620316434289159	2.4094707386 +/- 0.0254988903203
0.8421210868503145	2.56784612022 +/- 0.0321226166314
1.022210530271713	2.66950990966 +/- 0.0364377329779
1.2022999736931117	2.74693554255 +/- 0.0431749332835
1.3823894171145104	2.71329217852 +/- 0.0547838263191
1.5624788605359103	2.88953293308 +/- 0.0643379906377
1.742568303957309	2.89156546447 +/- 0.0615662244836
1.9226577473787076	2.92168069265 +/- 0.0605585632289
2.1027471908001063	2.8211059907 +/- 0.0569017887486
2.2828366342215047	2.80699373056 +/- 0.0810329655084
2.4629260776429036	3.0256184746 +/- 0.0785010375791
2.643015521064302	2.93991237639 +/- 0.0908279305882


# L = 16.0 
# X: T
# Y: Binder Cumulant
-15.964523281596453	1.0 +/- 0.0
-15.604344394753657	1.0 +/- 0.0
-15.244165507910859	1.0 +/- 0.0
-14.883986621068058	1.0 +/- 0.0
-14.523807734225262	1.0 +/- 0.0
-14.163628847382464	1.0 +/- 0.0
-13.803449960539666	0.999999972531 +/- 1.57048227323e-08
-13.44327107369687	0.999999741128 +/- 4.39598575437e-08
-13.083092186854072	0.999998227701 +/- 1.23040102886e-07
-12.722913300011273	0.999990877713 +/- 2.72838115815e-07
-12.362734413168477	0.999985407482 +/- 1.86124186446e-05
-12.002555526325677	1.0000361121 +/- 4.78338722642e-05
-11.64237663948288	0.999973738529 +/- 6.49261272073e-05
-11.282197752640084	1.00000096863 +/- 9.88888514509e-05
-10.922018865797286	1.00015233627 +/- 0.000156370575435
-10.561839978954488	1.00009918071 +/- 0.000188175364146
-10.201661092111692	0.999881256706 +/- 0.000203481423344
-9.841482205268894	1.00063266131 +/- 0.000289111938905
-9.481303318426095	0.999953574326 +/- 0.000384906400906
-9.121124431583297	1.00078823004 +/- 0.00049332810494
-8.760945544740501	0.999978317903 +/- 0.000463369799941
-8.400766657897703	0.999329435827 +/- 0.000581331205397
-8.040587771054906	0.999604118788 +/- 0.000686660219683
-7.680408884212108	0.999298164625 +/- 0.000598258139252
-7.320229997369311	0.999905148776 +/- 0.000924246900689
-6.960051110526513	1.00055001946 +/- 0.000896031349002
-6.599872223683716	1.00204828379 +/- 0.00101044024816
-6.239693336840918	1.00029185313 +/- 0.00110852221619
-5.87951444999812	1.00072282083 +/- 0.00123008548151
-5.519335563155323	1.00327844621 +/- 0.00126545940171
-5.1591566763125245	0.999772682643 +/- 0.00148222445785
-4.798977789469727	1.00326390828 +/- 0.0018650523401
-4.43879890262693	0.999800441076 +/- 0.0018327218276
-4.078620015784133	1.00198745911 +/- 0.00210794674174
-3.7184411289413353	0.997973486423 +/- 0.00247359831426
-3.3582622420985366	0.998053755719 +/- 0.00243025109085
-2.9980833552557393	0.996671019201 +/- 0.00249980025397
-2.6379044684129425	0.997605452816 +/- 0.00271088417498
-2.2777255815701434	0.996706264878 +/- 0.00321380088199
-1.9175466947273463	1.00237246143 +/- 0.00329541495596
-1.5573678078845492	1.00230771268 +/- 0.00398727662513
-1.197188921041752	1.01198684011 +/- 0.00425526778821
-0.8370100341989547	1.01358093614 +/- 0.00476115559261
-0.4768311473561575	1.04234894825 +/- 0.00589183041636
-0.11665226051335713	1.31413011533 +/- 0.0136134147188
0.24352662632944008	2.20660514338 +/- 0.0300421278139
0.6037055131722373	2.57376198278 +/- 0.0436505866002
0.9638844000150345	2.90073483176 +/- 0.0744414049873
1.3240632868578317	2.92757967974 +/- 0.10408703031
1.684242173700629	2.98546208532 +/- 0.109043728054
2.044421060543426	3.07522333493 +/- 0.141300827726
2.4045999473862234	3.03631568606 +/- 0.157574466345
2.7647788342290207	2.60624234683 +/- 0.132169467287
3.1249577210718207	3.05498650186 +/- 0.229977337088
3.485136607914618	2.80921942241 +/- 0.255421754866
3.8453154947574153	2.94793844767 +/- 0.203609547821
4.205494381600213	2.77770864607 +/- 0.167287722066
4.5656732684430095	2.40710503272 +/- 0.173085815351
4.925852155285807	2.97869463438 +/- 0.319815656486
5.286031042128604	2.83952021128 +/- 0.253386788154


# L = 14.0 
# X: T
# Y: Binder Cumulant
-13.968957871396896	1.0 +/- 0.0
-13.65380134540945	1.0 +/- 0.0
-13.338644819422	1.0 +/- 0.0
-13.02348829343455	1.0 +/- 0.0
-12.708331767447104	1.0 +/- 0.0
-12.393175241459655	1.0 +/- 0.0
-12.078018715472208	1.0 +/- 0.0
-11.76286218948476	0.999999767811 +/- 5.52753577812e-08
-11.447705663497313	0.99999839851 +/- 1.63716358145e-07
-11.132549137509864	1.00001033038 +/- 1.9653580228e-05
-10.817392611522417	0.999986034957 +/- 1.92568585841e-05
-10.502236085534967	1.00000777867 +/- 4.41030755228e-05
-10.18707955954752	1.00000702901 +/- 7.24033805328e-05
-9.871923033560073	1.00007334071 +/- 0.000103213264587
-9.556766507572625	1.00001844629 +/- 0.000145177209745
-9.241609981585178	0.99992847016 +/- 0.000164886270822
-8.92645345559773	0.999811279948 +/- 0.000211390729805
-8.611296929610283	0.999840310752 +/- 0.00026939392508
-8.296140403622832	1.0005862318 +/- 0.000312011818142
-7.980983877635385	1.00049122086 +/- 0.00043812607843
-7.6658273516479385	1.00000844946 +/- 0.000477146979454
-7.35067082566049	1.00089482543 +/- 0.000600704621522
-7.035514299673043	0.999478602703 +/- 0.000628329478156
-6.720357773685595	1.00081746092 +/- 0.000812338969111
-6.405201247698147	1.00199665845 +/- 0.00074011992014
-6.090044721710699	0.999802590585 +/- 0.000829476544034
-5.774888195723252	0.999879028644 +/- 0.00105741503677
-5.459731669735803	1.00080802995 +/- 0.00120714053569
-5.144575143748355	1.00039674148 +/- 0.00142790671499
-4.829418617760908	1.00098658396 +/- 0.00138532825842
-4.514262091773459	1.00055616881 +/- 0.00153535103741
-4.199105565786011	1.00141911952 +/- 0.00151556768336
-3.883949039798564	1.00008563494 +/- 0.0018855557761
-3.5687925138111165	0.997990491343 +/- 0.00187017311554
-3.2536359878236683	1.00217761222 +/- 0.00241554853795
-2.9384794618362196	1.00562726728 +/- 0.00238790871657
-2.6233229358487717	0.996434241587 +/- 0.00239686172844
-2.308166409861325	1.00270151822 +/- 0.00249036435631
-1.9930098838738755	0.999712877474 +/- 0.00291982725793
-1.677853357886428	1.00075173999 +/- 0.00311065037762
-1.3626968318989805	1.00633719848 +/- 0.00397218635853
-1.047540305911533	1.01505056316 +/- 0.00402871492149
-0.7323837799240853	1.0275416232 +/- 0.00520719002692
-0.41722725393663784	1.06533281676 +/- 0.00680212244294
-0.10207072794918749	1.37184680225 +/- 0.0112502324676
0.21308579803826008	2.1023043306 +/- 0.0275313069479
0.5282423240257077	2.48727837145 +/- 0.0371983176582
0.8433988500131552	2.77550798486 +/- 0.0602283919716
1.1585553760006027	2.90264059326 +/- 0.0805289282112
1.4737119019880505	2.89863169722 +/- 0.0880253873015
1.7888684279754978	2.76042127881 +/- 0.10120433788
2.1040249539629454	2.79724205604 +/- 0.121699895799
2.4191814799503932	2.87215316374 +/- 0.0877497531073
2.7343380059378433	3.10979445806 +/- 0.168460174057
3.0494945319252906	2.99441181242 +/- 0.151663705702
3.3646510579127384	2.71235244181 +/- 0.156593252835
3.6798075839001863	2.81327235113 +/- 0.156176607797
3.994964109887633	3.03198144137 +/- 0.196611253675
4.310120635875081	3.02829515593 +/- 0.212203739869
4.625277161862528	2.89117893505 +/- 0.221001644676


# L = 12.0 
# X: T
# Y: Binder Cumulant
-11.973392461197339	1.0 +/- 0.0
-11.703258296065243	1.0 +/- 0.0
-11.433124130933145	1.0 +/- 0.0
-11.162989965801042	1.0 +/- 0.0
-10.892855800668947	1.0 +/- 0.0
-10.622721635536848	1.0 +/- 0.0
-10.35258747040475	0.999999980909 +/- 1.90908331008e-08
-10.082453305272653	0.999999749698 +/- 6.57325724021e-08
-9.812319140140554	0.999998063448 +/- 2.15380244504e-07
-9.542184975008455	0.999990888595 +/- 4.42790886485e-07
-9.272050809876358	0.999984425963 +/- 1.76894240879e-05
-9.001916644744258	1.00004986368 +/- 4.92342347614e-05
-8.73178247961216	1.00005906661 +/- 8.13843146531e-05
-8.461648314480062	1.00005751868 +/- 9.70545454204e-05
-8.191514149347965	0.999951432301 +/- 0.000113990119782
-7.921379984215866	1.00034959483 +/- 0.000214883549407
-7.651245819083769	0.999973671413 +/- 0.000220855437801
-7.38111165395167	0.999951641417 +/- 0.000341297922842
-7.110977488819572	1.00001787442 +/- 0.000317483375359
-6.840843323687473	0.999743626375 +/- 0.000399838430355
-6.570709158555376	0.999580646274 +/- 0.000431294784411
-6.300574993423277	1.00019811624 +/- 0.000527958614532
-6.030440828291179	0.999682195127 +/- 0.000541632706597
-5.760306663159081	0.999023537616 +/- 0.000661717714089
-5.4901724980269835	0.999708841663 +/- 0.000781232190451
-5.220038332894885	1.00067215687 +/- 0.000860898355505
-4.949904167762787	1.00092157698 +/- 0.00100688862466
-4.679770002630688	0.998875433625 +/- 0.00094127497646
-4.40963583749859	0.999732619893 +/- 0.00116228877346
-4.139501672366492	1.00202762077 +/- 0.00158336632887
-3.8693675072343936	0.999879231533 +/- 0.00134289817326
-3.599233342102295	0.998974765463 +/- 0.00153256677598
-3.3290991769701974	0.997458000978 +/- 0.00170335655985
-3.0589650118381	1.00171166022 +/- 0.00181870525828
-2.7888308467060012	1.00072691267 +/- 0.00225057017633
-2.5186966815739025	1.0013111235 +/- 0.00217885128185
-2.2485625164418046	1.0023958017 +/- 0.0021610320586
-1.9784283513097067	1.00270945794 +/- 0.00265537326034
-1.7082941861776075	1.00120141263 +/- 0.00282489079055
-1.4381600210455097	1.00754416672 +/- 0.00317702981945
-1.1680258559134118	1.00149147539 +/- 0.0042419236341
-0.8978916907813139	1.02065637366 +/- 0.00372919645281
-0.627757525649216	1.04758010859 +/- 0.00502024873764
-0.3576233605171181	1.11503423789 +/- 0.0064299727971
-0.08748919538501784	1.40135812961 +/- 0.012229215942
0.18264496974708005	1.96022437021 +/- 0.0225065643853
0.452779134879178	2.42338932305 +/- 0.0291304466133
0.7229133000112759	2.70299742569 +/- 0.041142354765
0.9930474651433738	2.82819270849 +/- 0.0554143747498
1.2631816302754717	2.80039382905 +/- 0.0610845074208
1.5333157954075696	2.70828451589 +/- 0.0616233694842
1.8034499605396674	2.97412699185 +/- 0.0748396131435
2.0735841256717658	2.99226599693 +/- 0.102342698807
2.3437182908038654	3.0348705769 +/- 0.122484666944
2.6138524559359633	3.02771059913 +/- 0.132778003577
2.8839866210680616	2.92211988618 +/- 0.121297906721
3.1541207862001595	2.8598372333 +/- 0.135391475343
3.424254951332257	3.19734735782 +/- 0.186498520369
3.6943891164643556	2.84588386054 +/- 0.145748535997
3.964523281596453	2.729318004 +/- 0.138987624707


