# L = 12.0 
# X: T
# Y: Binder Cumulant
0.0	1.0 +/- 0.0
0.1	1.0 +/- 0.0
0.2	1.0 +/- 0.0
0.3	1.0 +/- 0.0
0.4	1.0 +/- 0.0
0.5	1.0 +/- 0.0
0.6	0.99999996307 +/- 3.69298089286e-08
0.7	0.999999699638 +/- 1.16003637531e-07
0.8	0.99999867487 +/- 2.17438651798e-07
0.9	0.99999059724 +/- 5.93039231509e-07
1.0	0.999969259846 +/- 1.21862694249e-06
1.1	1.00011305845 +/- 8.32780314796e-05
1.2	0.999985306925 +/- 8.48991892012e-05
1.3	1.00017488129 +/- 0.000159665332401
1.4	0.999950804393 +/- 0.000181808413985
1.5	0.999658438007 +/- 0.00021626086336
1.6	1.00002194143 +/- 0.000318977946728
1.7	1.00023188364 +/- 0.000390301771889
1.8	0.999273295198 +/- 0.000479910923557
1.9	0.999054819639 +/- 0.000504075632164
2.0	1.00056815014 +/- 0.000541288534133
2.1	0.999135961725 +/- 0.000583639879049
2.2	0.9995784318 +/- 0.000786178099144
2.3	1.00044634301 +/- 0.000862903984373
2.4	1.00003792114 +/- 0.000982775968602
2.5	0.999743445576 +/- 0.00103028305529
2.6	0.99861508874 +/- 0.00122581231596
2.8	1.00003910888 +/- 0.00131961544515
2.9	1.00240614931 +/- 0.00148059511094
3.0	1.0005862308 +/- 0.00186354570804
3.1	0.999806482829 +/- 0.00161921467488
3.2	1.00258759829 +/- 0.00209768976939
3.3	1.00049243704 +/- 0.00227308527897
3.4	1.00064582948 +/- 0.0026436182213
3.5	0.99741568338 +/- 0.00265123338752
3.6	1.00159846014 +/- 0.00258210185311
3.7	1.00565043418 +/- 0.003143553935
3.8	1.00876639366 +/- 0.00434668384732
3.9	1.0081901236 +/- 0.00462372603723
4.0	1.00233169137 +/- 0.00516111835866
4.1	1.02107175308 +/- 0.00504861784968
4.2	1.02783299285 +/- 0.00627137595702
4.3	1.04359668161 +/- 0.00649201908661
4.4	1.10834567075 +/- 0.00733678201658
4.5	1.42648487459 +/- 0.0123914247954
4.6	1.94434332784 +/- 0.018394819161
4.7	2.40348967935 +/- 0.0362883176471
4.8	2.73809468761 +/- 0.0492675240438
4.9	2.77779359062 +/- 0.0623780561542
5.0	2.95970604714 +/- 0.0687784957702
5.1	2.77659855266 +/- 0.0770538993723
5.2	2.89168870789 +/- 0.102362480668
5.3	3.06614695513 +/- 0.127829117258
5.4	3.09265359538 +/- 0.109228698752
5.5	2.82861753809 +/- 0.134943205107
5.6	3.09011749019 +/- 0.146240232285
5.7	2.76611987483 +/- 0.153675937574
5.8	2.7166355244 +/- 0.153411210686
5.9	3.2432463511 +/- 0.233691459241
6.0	3.05590892492 +/- 0.219589270016


# L = 24.0 
# X: T
# Y: Binder Cumulant
0.0	1.0 +/- 0.0
0.1	1.0 +/- 0.0
0.2	1.0 +/- 0.0
0.3	1.0 +/- 0.0
0.4	1.0 +/- 0.0
0.5	1.0 +/- 0.0
0.6	1.0 +/- 0.0
0.7	0.999999766053 +/- 3.53626338463e-08
0.8	0.999998115096 +/- 1.01745238207e-07
0.9	0.999991004913 +/- 2.18262731054e-07
1.0	1.00004640835 +/- 5.55154305198e-05
1.1	1.0000260593 +/- 6.9018245802e-05
1.2	1.00004970392 +/- 0.000129668125874
1.3	0.999949744919 +/- 0.000125079386463
1.4	0.999940034484 +/- 0.00018371124877
1.5	0.999818430706 +/- 0.000241741174749
1.6	0.99949363221 +/- 0.000259705709295
1.7	0.999337390772 +/- 0.000384876049094
1.8	0.999759392496 +/- 0.000552423085144
1.9	1.00004608571 +/- 0.000541126442442
2.0	1.00010914843 +/- 0.000845058613829
2.1	1.00015882608 +/- 0.000803362834415
2.2	1.00056749572 +/- 0.000938503394975
2.3	0.99847532642 +/- 0.000954473918517
2.4	0.999230724785 +/- 0.00114995267749
2.5	1.00019316169 +/- 0.00132877876022
2.6	0.999242748981 +/- 0.00133388030278
2.8	0.999468303276 +/- 0.00183109257565
2.9	1.00029972389 +/- 0.00179799217912
3.0	1.00127189491 +/- 0.0020762045008
3.1	0.997472212976 +/- 0.0022168978206
3.2	1.00195185603 +/- 0.00287410265583
3.3	1.00250863258 +/- 0.00288408292235
3.4	1.0047151012 +/- 0.00288279648245
3.5	1.0069397921 +/- 0.00350480716232
3.6	0.996503318419 +/- 0.00354892200592
3.7	0.994650243452 +/- 0.00326608237818
3.8	0.993003644386 +/- 0.00382086867845
3.9	0.998996610619 +/- 0.00447482244048
4.0	0.99661579183 +/- 0.00496193128884
4.1	0.998497143721 +/- 0.00539643531606
4.2	1.00142042268 +/- 0.00563198663028
4.3	1.00918892541 +/- 0.00634881084127
4.4	1.02234654861 +/- 0.00834794488998
4.5	1.16448041009 +/- 0.015274543259
4.6	2.50538995132 +/- 0.0667213838386
4.7	2.91834873189 +/- 0.163842808518
4.8	2.73759811755 +/- 0.154611636078
4.9	3.04024998275 +/- 0.221722292818
5.0	2.78898502916 +/- 0.292393956559
5.1	3.11552825446 +/- 0.345914579798
5.2	3.27225446641 +/- 0.508173579007
5.3	2.35653844354 +/- 0.249533241483
5.4	2.72628818037 +/- 0.315262702359
5.5	3.00099616196 +/- 0.425752042739
5.6	2.41689783593 +/- 0.29747998048
5.7	3.82026495923 +/- 0.700354663414
5.8	2.64845206812 +/- 0.441085031169
5.9	3.24123529139 +/- 0.507873703092
6.0	2.43502076545 +/- 0.436220423832


# L = 48.0 
# X: T
# Y: Binder Cumulant
0.0	1.0 +/- 0.0
0.1	1.0 +/- 0.0
0.2	1.0 +/- 0.0
0.3	1.0 +/- 0.0
0.4	1.0 +/- 0.0
0.5	1.0 +/- 0.0
0.6	0.999999980338 +/- 3.54741744363e-09
0.7	0.999999774247 +/- 1.16957615068e-08
0.8	0.999998143731 +/- 3.84221375838e-08
0.9	0.999990906563 +/- 7.86291757749e-08
1.0	0.999966997423 +/- 1.72489563927e-07
1.1	0.999985321878 +/- 5.66361846232e-05
1.2	0.999970397102 +/- 8.81884667266e-05
1.3	1.00015527237 +/- 0.000158686499254
1.4	1.00011472447 +/- 0.000194368172333
1.5	0.999605641047 +/- 0.000218411565548
1.6	1.00003686455 +/- 0.000354160869111
1.7	1.00054799791 +/- 0.000494821258729
1.8	1.00070736576 +/- 0.000569759763245
1.9	0.999443384181 +/- 0.000630577217658
2.0	0.999718975471 +/- 0.000611748934314
2.1	0.999658249712 +/- 0.000757644050015
2.2	1.00058306817 +/- 0.000915343606524
2.3	0.999701100316 +/- 0.00105962652906
2.4	1.00006632568 +/- 0.00136379230378
2.5	1.00039610302 +/- 0.00137047986471
2.6	1.00008751487 +/- 0.00151652193319
2.8	0.999525646435 +/- 0.00164055040443
2.9	0.996009313691 +/- 0.00178283952024
3.0	1.00208616696 +/- 0.00197743109225
3.1	1.00146339235 +/- 0.00212853195272
3.2	0.997809355142 +/- 0.00202012324573
3.3	1.00046773243 +/- 0.00258226890017
3.4	0.998858852833 +/- 0.00293806612107
3.5	0.998815095244 +/- 0.00281447780204
3.6	0.997583216941 +/- 0.00342605389418
3.7	0.999697054306 +/- 0.0034335753647
3.8	1.00663896865 +/- 0.00382989904356
3.9	0.99811129078 +/- 0.00431153534571
4.0	0.998048903244 +/- 0.0047327793193
4.1	0.997567681521 +/- 0.0057764533898
4.2	0.995379137522 +/- 0.00565490447838
4.3	1.01193540195 +/- 0.00738544337619
4.4	1.01873415252 +/- 0.00888893959893
4.5	0.992612752508 +/- 0.0128322344789
4.6	3.08417560467 +/- 0.25544081834
4.7	2.71624514586 +/- 0.320620104618
4.8	2.47919083694 +/- 0.293740047247
4.9	4.03022127609 +/- 0.817730792684
5.0	2.2214784092 +/- 0.550808657481
5.1	1.49641723537 +/- 0.292196512911
5.2	5.60361758808 +/- 1.16145037843
5.3	5.05967801752 +/- 1.06541158718
5.4	5.14397429487 +/- 1.20079407609
5.5	2.70667107244 +/- 0.457766025508
5.6	1.43392030201 +/- 0.251053822182
5.7	4.92506973153 +/- 1.22839343499
5.8	1.82764629308 +/- 0.296376954368
5.9	1.40208465201 +/- 0.308685499753
6.0	9.68874470548 +/- 1.85596045981


