# L = 12.0 
# X: T
# Y: Binder Cumulant
-20678.559556786706	1.0 +/- 0.0
-20095.393023146626	1.0 +/- 0.0
-19512.22648950655	1.0 +/- 0.0
-18929.059955866473	1.0 +/- 0.0
-18345.893422226396	1.0 +/- 0.0
-17762.726888586316	1.0 +/- 0.0
-17179.560354946243	0.999999930833 +/- 6.91672528756e-08
-16596.393821306163	0.999999930089 +/- 6.99109868873e-08
-16013.227287666086	0.999998213809 +/- 3.22352054357e-07
-15430.060754026008	0.999991744917 +/- 6.55181582479e-07
-14846.894220385933	0.999990007087 +/- 1.05081884661e-05
-14263.727686745857	0.99996602442 +/- 1.85499424807e-05
-13680.56115310578	1.00005060493 +/- 3.89932426019e-05
-13097.394619465704	1.00011447092 +/- 5.61223597045e-05
-12514.228085825624	0.999998352266 +/- 7.18314707504e-05
-11931.061552185545	1.00006810773 +/- 9.46298139916e-05
-11347.89501854547	1.0003642164 +/- 0.000130099953898
-10764.728484905394	1.00031102598 +/- 0.000146203834394
-10181.561951265316	1.00007331138 +/- 0.000179461744405
-9598.395417625237	1.00071871652 +/- 0.00023323946913
-9015.228883985164	1.00028755312 +/- 0.000266910995851
-8432.062350345086	1.00076260394 +/- 0.000334895106565
-7848.895816705008	1.00045729174 +/- 0.000393128328618
-7265.729283064931	1.00106331137 +/- 0.000441290558013
-6682.562749424855	1.00034156687 +/- 0.000457115654405
-6099.396215784779	1.00175113102 +/- 0.000527561110018
-5516.229682144703	1.00217244022 +/- 0.000660694992904
-4933.063148504623	1.00478065579 +/- 0.000672366508581
-4349.896614864547	1.00451781875 +/- 0.000829670682428
-3766.7300812244703	1.00798867868 +/- 0.000815423420269
-3183.563547584391	1.01018471675 +/- 0.000864643878161
-2600.397013944315	1.01621643076 +/- 0.00112704032987
-2017.2304803042387	1.0269431639 +/- 0.00111819888994
-1434.063946664162	1.04105769244 +/- 0.00132073579986
-850.8974130240857	1.06999539647 +/- 0.00162666672197
-267.73087938400664	1.11086406428 +/- 0.00165467195532
315.43565425606977	1.18115347777 +/- 0.00198958975423
898.6021878961462	1.27698516226 +/- 0.00244450723723
1481.7687215362253	1.4117281617 +/- 0.00314113173115
2064.935255176302	1.55438891796 +/- 0.00345022755893
2648.101788816378	1.71465479635 +/- 0.00406745036035
3231.268322456455	1.87771424909 +/- 0.00498706649499
3814.434856096531	2.03160772176 +/- 0.00686809771749
4397.601389736607	2.16669037746 +/- 0.00608818788744
4980.7679233766885	2.27811826402 +/- 0.00769978828085
5563.934457016765	2.37364381031 +/- 0.0105492908459
6147.1009906568415	2.46489001357 +/- 0.00931640786908
6730.267524296918	2.52164795593 +/- 0.0122625450763
7313.434057936995	2.58366863095 +/- 0.011794766698
7896.600591577071	2.57629821732 +/- 0.0139863515296
8479.767125217148	2.6553991623 +/- 0.0164557560022
9062.933658857224	2.68951415357 +/- 0.0177723202276
9646.1001924973	2.74218364339 +/- 0.0204124292128
10229.26672613738	2.75352957038 +/- 0.020185648862
10812.433259777457	2.76902753658 +/- 0.0189947069249
11395.599793417536	2.78497301698 +/- 0.0209821072926
11978.76632705761	2.80616651451 +/- 0.0219639234619
12561.932860697689	2.81753696283 +/- 0.0215583342089
13145.099394337763	2.81144866668 +/- 0.0217809753768
13728.26592797784	2.82560387017 +/- 0.0248298692193


# L = 24.0 
# X: T
# Y: Binder Cumulant
-330856.9529085873	1.0 +/- 0.0
-321526.288370346	1.0 +/- 0.0
-312195.6238321048	1.0 +/- 0.0
-302864.95929386356	1.0 +/- 0.0
-293534.29475562234	1.0 +/- 0.0
-284203.63021738105	1.0 +/- 0.0
-274872.9656791399	1.0 +/- 0.0
-265542.3011408986	0.999999794555 +/- 1.52496983097e-07
-256211.63660265738	0.999998131928 +/- 3.51090761101e-07
-246880.97206441613	1.00000062301 +/- 1.00763660592e-05
-237550.30752617493	0.999987221793 +/- 1.4477291417e-05
-228219.6429879337	1.00002217437 +/- 3.58479317329e-05
-218888.97844969248	1.00005730363 +/- 5.3906631475e-05
-209558.31391145126	0.999869437762 +/- 5.36196963277e-05
-200227.64937320998	0.999842409441 +/- 9.62309467509e-05
-190896.98483496872	0.999952002858 +/- 0.000126665453945
-181566.32029672753	0.999884008871 +/- 0.000177420921297
-172235.6557584863	1.0000683871 +/- 0.000181392806106
-162904.99122024505	0.999821194923 +/- 0.00024926218234
-153574.3266820038	0.999716223741 +/- 0.000328692586665
-144243.66214376263	1.0006463091 +/- 0.000408771625261
-134912.99760552138	1.00027882472 +/- 0.000454071306734
-125582.33306728012	1.00060800548 +/- 0.000497794731421
-116251.6685290389	1.00022017402 +/- 0.00061393713022
-106921.00399079768	1.00096062197 +/- 0.000674353692014
-97590.33945255647	1.00137568815 +/- 0.000774907665476
-88259.67491431524	1.0014252668 +/- 0.000872270227367
-78929.01037607397	1.00217847627 +/- 0.00105214274522
-69598.34583783275	1.0028159185 +/- 0.000977936893543
-60267.681299591524	1.00242594395 +/- 0.00125906064466
-50937.016761350256	1.00144713549 +/- 0.0014285071581
-41606.35222310904	1.00444792001 +/- 0.00165452771467
-32275.68768486782	1.00726357777 +/- 0.00167961910483
-22945.02314662659	1.01225304017 +/- 0.00222170157023
-13614.358608385372	1.02791021904 +/- 0.00214345570276
-4283.694070144106	1.08232053227 +/- 0.00279883803099
5046.970468097116	1.20758509651 +/- 0.00369092949947
14377.63500633834	1.46166496729 +/- 0.00818569030652
23708.299544579604	1.81947624738 +/- 0.0103878296218
33038.96408282083	2.14170601849 +/- 0.017907192146
42369.628621062046	2.35371172575 +/- 0.0193204635304
51700.29315930328	2.60569226138 +/- 0.0276663768092
61030.957697544494	2.73096862071 +/- 0.0357176724516
70361.62223578572	2.7528752785 +/- 0.0390080925577
79692.28677402702	2.85430205146 +/- 0.0419942403937
89022.95131226824	2.80638118835 +/- 0.0511243282983
98353.61585050946	2.84874404007 +/- 0.0567884722854
107684.28038875069	2.82577228745 +/- 0.0576523486207
117014.94492699191	2.80467981959 +/- 0.0554061715469
126345.60946523314	3.00932477146 +/- 0.0798193054014
135676.27400347436	2.97601161818 +/- 0.0868269829173
145006.9385417156	2.89938068161 +/- 0.0687741871897
154337.6030799568	2.97154553616 +/- 0.104082361062
163668.2676181981	2.7553654372 +/- 0.0881556010943
172998.93215643932	3.04968709293 +/- 0.107333433777
182329.59669468057	2.77178612427 +/- 0.0955190920799
191660.26123292177	3.08071541847 +/- 0.108336212136
200990.92577116302	2.98552898364 +/- 0.118246777668
210321.59030940422	3.00699396341 +/- 0.128695949425
219652.25484764544	3.02299678748 +/- 0.125514422312


# L = 48.0 
# X: T
# Y: Binder Cumulant
-5293711.246537397	1.0 +/- 0.0
-5144420.613925536	1.0 +/- 0.0
-4995129.981313677	1.0 +/- 0.0
-4845839.348701817	1.0 +/- 0.0
-4696548.716089957	1.0 +/- 0.0
-4547258.083478097	1.0 +/- 0.0
-4397967.450866238	1.0 +/- 0.0
-4248676.818254378	0.999999866059 +/- 4.56678949038e-08
-4099386.185642518	0.999998147239 +/- 1.67056310239e-07
-3950095.553030658	0.999991024886 +/- 4.16399107954e-07
-3800804.920418799	0.999967017569 +/- 8.337240792e-07
-3651514.2878069393	0.999962617834 +/- 3.26918615068e-05
-3502223.6551950797	0.999984671155 +/- 6.09491179339e-05
-3352933.02258322	0.999902004327 +/- 7.82149416154e-05
-3203642.3899713596	1.0001002978 +/- 0.000137114395045
-3054351.7573594996	0.999764706737 +/- 0.000161004554127
-2905061.1247476405	0.999920681426 +/- 0.000217615618893
-2755770.492135781	1.00014680507 +/- 0.000262142777405
-2606479.859523921	1.00024480619 +/- 0.000325623502929
-2457189.2269120608	1.00033937225 +/- 0.000414941366716
-2307898.594300202	0.999349630778 +/- 0.000473335252869
-2158607.961688342	1.0002629225 +/- 0.000617699241766
-2009317.329076482	1.0006993553 +/- 0.000635163548545
-1860026.6964646224	0.999549207981 +/- 0.000710519579285
-1710736.0638527628	1.00001115286 +/- 0.000878447917837
-1561445.4312409034	0.999938737677 +/- 0.00102883530902
-1412154.7986290439	0.998100625582 +/- 0.00112357963018
-1262864.1660171836	0.997723897277 +/- 0.00123704537025
-1113573.533405324	1.00225551975 +/- 0.00140587567942
-964282.9007934644	1.00297963217 +/- 0.00157817366918
-814992.2681816041	1.00137964061 +/- 0.00173868893858
-665701.6355697446	0.996207625731 +/- 0.00174626792412
-516411.0029578851	0.999720340152 +/- 0.00206883374736
-367120.37034602545	1.00740157435 +/- 0.00246853054589
-217829.73773416594	1.0131202857 +/- 0.00301798690319
-68539.1051223057	1.03949027346 +/- 0.00348656900533
80751.52748955386	1.2379408492 +/- 0.00594117701625
230042.16010141344	1.91419192075 +/- 0.0136341064594
379332.79271327367	2.46406239831 +/- 0.0284306398462
528623.4253251333	2.71299071811 +/- 0.0465440282221
677914.0579369927	2.80293682694 +/- 0.060760214259
827204.6905488524	2.81783996762 +/- 0.0720469070231
976495.3231607119	2.82463692205 +/- 0.0948179324081
1125785.9557725715	2.89142946827 +/- 0.0985161857275
1275076.5883844323	2.94171173931 +/- 0.137981766228
1424367.2209962918	2.97643912338 +/- 0.136929794754
1573657.8536081514	2.91461198324 +/- 0.125750899945
1722948.486220011	3.09026384278 +/- 0.14811206655
1872239.1188318706	2.99148015356 +/- 0.169711106795
2021529.7514437302	2.96643053422 +/- 0.219584178384
2170820.38405559	2.92215677526 +/- 0.157810516694
2320111.0166674494	2.97098859699 +/- 0.150233053009
2469401.649279309	3.06176434599 +/- 0.202546543147
2618692.2818911695	3.07667389258 +/- 0.234268353372
2767982.914503029	3.08336402083 +/- 0.183353817803
2917273.547114889	3.03947555859 +/- 0.386927152776
3066564.1797267483	2.52998101369 +/- 0.210822404508
3215854.8123386083	2.69651264859 +/- 0.218449491555
3365145.4449504674	2.75469239833 +/- 0.217724792014
3514436.077562327	3.15204609642 +/- 0.400134201448


