# L = 12.0 
# X: T
# Y: Connected Susceptibility
-11.966759002770083	0.0 +/- 0.0
-11.62927836987652	0.0 +/- 0.0
-11.291797736982957	0.0 +/- 0.0
-10.954317104089395	0.0 +/- 0.0
-10.616836471195832	0.0 +/- 0.0
-10.279355838302267	0.0 +/- 0.0
-9.941875205408705	4.85512797647e-09 +/- 4.85512906729e-09
-9.60439457251514	4.21601499396e-09 +/- 4.21601454464e-09
-9.266913939621578	9.44159290864e-08 +/- 1.70390875753e-08
-8.929433306728015	3.88390320709e-07 +/- 3.08249248076e-08
-8.591952673834452	4.61392163377e-07 +/- 4.26981520771e-07
-8.25447204094089	1.40759121569e-06 +/- 6.85894102283e-07
-7.916991408047326	-1.3917684207e-06 +/- 1.32256130662e-06
-7.579510775153764	-2.93708680602e-06 +/- 1.75749337704e-06
-7.242030142260199	1.19280433681e-06 +/- 2.08928851989e-06
-6.904549509366635	4.10381087253e-08 +/- 2.56921371114e-06
-6.567068876473073	-6.23803112666e-06 +/- 3.30453489765e-06
-6.229588243579511	-2.92968816088e-06 +/- 3.49826931227e-06
-5.8921076106859465	4.79385714786e-06 +/- 4.04627054781e-06
-5.554626977792383	-6.26198598581e-06 +/- 4.96031716962e-06
-5.217146344898822	6.52039162948e-06 +/- 5.36680669071e-06
-4.8796657120052584	2.0453520939e-06 +/- 6.39237052281e-06
-4.542185079111695	1.38115024938e-05 +/- 7.1491429263e-06
-4.204704446218131	1.05255661873e-05 +/- 7.57002373794e-06
-3.8672238133245687	3.22051221863e-05 +/- 7.50784645091e-06
-3.5297431804310064	2.16976538737e-05 +/- 8.21988701229e-06
-3.1922625475374433	3.18705824108e-05 +/- 9.70324197108e-06
-2.8547819146438793	1.67335729107e-05 +/- 9.45553465194e-06
-2.517301281750316	5.04170876375e-05 +/- 1.10111975362e-05
-2.1798206488567535	5.12210564092e-05 +/- 1.04031699665e-05
-1.8423400159631893	8.81003215025e-05 +/- 1.03710536968e-05
-1.5048593830696269	0.00011687813704 +/- 1.19961424332e-05
-1.167378750176064	0.000162365767019 +/- 1.07749601791e-05
-0.8298981172825011	0.000279718224743 +/- 1.24952440977e-05
-0.4924174843889385	0.000417366529956 +/- 1.38650882499e-05
-0.15493685149537423	0.000663627253656 +/- 1.05883585845e-05
0.18254378139818853	0.000883178629657 +/- 1.17725958353e-05
0.5200244142917513	0.00113531746593 +/- 9.71739546955e-06
0.8575050471853155	0.00123485475731 +/- 1.03036915807e-05
1.1949856800788783	0.00124713939342 +/- 8.87938468995e-06
1.532466312972441	0.00117296005612 +/- 7.14461334621e-06
1.8699469458660039	0.00105873034746 +/- 6.24230587184e-06
2.2074275787595665	0.000909545834778 +/- 5.54313191408e-06
2.544908211653129	0.000792962764769 +/- 3.80584726698e-06
2.882388844546695	0.000687524401361 +/- 4.30503076744e-06
3.219869477440257	0.000596037288529 +/- 3.83688692347e-06
3.5573501103338203	0.000523807884697 +/- 3.21829532854e-06
3.8948307432273834	0.000458978736574 +/- 2.96314619796e-06
4.232311376120946	0.000412221864484 +/- 2.71532525987e-06
4.569792009014509	0.000373440202568 +/- 2.47854940875e-06
4.907272641908071	0.000333614801527 +/- 2.55199733447e-06
5.244753274801634	0.000304380450744 +/- 2.30012712847e-06
5.582233907695197	0.00027257008968 +/- 2.11819552083e-06
5.919714540588762	0.000252860161811 +/- 2.03163034664e-06
6.257195173482325	0.000235173724235 +/- 1.88644970357e-06
6.594675806375888	0.000217258818148 +/- 1.75389943199e-06
6.93215643926945	0.00020224514867 +/- 1.75299635463e-06
7.269637072163015	0.000187781416137 +/- 1.50554224787e-06
7.607117705056576	0.000177392064373 +/- 1.42585202849e-06
7.944598337950138	0.000167905085053 +/- 1.51422779897e-06


# L = 24.0 
# X: T
# Y: Connected Susceptibility
-23.933518005540165	0.0 +/- 0.0
-23.25855673975304	0.0 +/- 0.0
-22.583595473965914	0.0 +/- 0.0
-21.90863420817879	0.0 +/- 0.0
-21.233672942391664	0.0 +/- 0.0
-20.558711676604535	0.0 +/- 0.0
-19.88375041081741	0.0 +/- 0.0
-19.20878914503028	6.00136769568e-09 +/- 4.45467065239e-09
-18.533827879243155	4.78309142781e-08 +/- 8.98945008982e-09
-17.85886661345603	-1.18271104249e-08 +/- 2.27270813678e-07
-17.183905347668905	2.66802173853e-07 +/- 2.94171506916e-07
-16.50894408188178	-3.917516983e-07 +/- 6.62707802256e-07
-15.833982816094652	-9.30139287711e-07 +/- 9.14090499868e-07
-15.159021550307529	2.12590930481e-06 +/- 8.39679534969e-07
-14.484060284520398	2.43735509801e-06 +/- 1.39963103262e-06
-13.80909901873327	8.93017952321e-07 +/- 1.71900139442e-06
-13.134137752946145	1.84982500307e-06 +/- 2.25562584112e-06
-12.459176487159022	-2.54467448535e-07 +/- 2.16735866108e-06
-11.784215221371893	2.82378297795e-06 +/- 2.80995514588e-06
-11.109253955584766	4.16278006408e-06 +/- 3.50079091718e-06
-10.434292689797644	-4.94873213517e-06 +/- 4.1187445595e-06
-9.759331424010517	-5.54617360695e-07 +/- 4.34098047886e-06
-9.08437015822339	-2.7271253287e-06 +/- 4.51337759267e-06
-8.409408892436263	1.7634121623e-06 +/- 5.29103259552e-06
-7.734447626649137	-3.07778763745e-06 +/- 5.51795221611e-06
-7.059486360862013	-4.42919302522e-06 +/- 6.01791265579e-06
-6.384525095074887	-2.3575867976e-06 +/- 6.44147490943e-06
-5.709563829287759	-4.46516365466e-06 +/- 7.35237573212e-06
-5.034602563500632	-4.20768039033e-06 +/- 6.46891366676e-06
-4.359641297713507	4.53678371874e-06 +/- 7.84132732634e-06
-3.6846800319263786	1.85737116261e-05 +/- 8.40670260218e-06
-3.0097187661392537	1.59678021035e-05 +/- 9.06340191234e-06
-2.334757500352128	2.5444063116e-05 +/- 8.51000737066e-06
-1.6597962345650021	5.30097543419e-05 +/- 1.01963531769e-05
-0.984834968777877	9.64193123396e-05 +/- 9.13108398809e-06
-0.30987370299074846	0.000197248973366 +/- 9.11231014311e-06
0.36508756279637705	0.00040324477844 +/- 7.93601783106e-06
1.0400488285835026	0.000536352249783 +/- 9.2000973666e-06
1.715010094370631	0.000472756614006 +/- 6.48486169095e-06
2.3899713601577566	0.00036050525991 +/- 5.55862976618e-06
3.064932625944882	0.00026838057332 +/- 3.21980790157e-06
3.7398938917320077	0.000194946319353 +/- 2.88217825973e-06
4.414855157519133	0.000146819139613 +/- 2.26125300201e-06
5.089816423306258	0.000122423567396 +/- 1.97338736109e-06
5.76477768909339	9.80001730782e-05 +/- 1.73910146635e-06
6.439738954880514	8.34409960651e-05 +/- 1.6929575344e-06
7.114700220667641	7.20327089512e-05 +/- 1.49329476394e-06
7.789661486454767	6.3309054165e-05 +/- 1.21661761497e-06
8.464622752241892	5.48752726792e-05 +/- 1.18540196337e-06
9.139584018029018	4.6548167025e-05 +/- 1.22122175469e-06
9.814545283816143	4.25604131871e-05 +/- 1.07868330567e-06
10.489506549603268	3.95450718717e-05 +/- 9.77399881872e-07
11.164467815390394	3.58977391529e-05 +/- 1.06462629099e-06
11.839429081177524	3.42699334372e-05 +/- 8.97907798313e-07
12.51439034696465	2.92298384484e-05 +/- 9.33745594174e-07
13.189351612751777	2.93302568864e-05 +/- 8.70929540061e-07
13.8643128785389	2.44074523714e-05 +/- 8.56078838028e-07
14.53927414432603	2.3885078904e-05 +/- 8.74062329482e-07
15.214235410113153	2.24891892689e-05 +/- 8.42853408337e-07
15.889196675900276	2.05669077454e-05 +/- 7.98816452438e-07


# L = 48.0 
# X: T
# Y: Connected Susceptibility
-47.86703601108033	0.0 +/- 0.0
-46.51711347950608	0.0 +/- 0.0
-45.16719094793183	0.0 +/- 0.0
-43.81726841635758	0.0 +/- 0.0
-42.46734588478333	0.0 +/- 0.0
-41.11742335320907	0.0 +/- 0.0
-39.76750082163482	0.0 +/- 0.0
-38.41757829006056	1.94103635837e-09 +/- 6.61805122909e-10
-37.06765575848631	2.35341960435e-08 +/- 2.12198041078e-09
-35.71773322691206	1.01476533925e-07 +/- 4.70829501391e-09
-34.36781069533781	3.35980952349e-07 +/- 8.49228306202e-09
-33.01788816376356	3.47849575727e-07 +/- 3.02214292017e-07
-31.667965632189304	1.35085975361e-07 +/- 5.1677020718e-07
-30.318043100615057	7.77357344082e-07 +/- 6.12452815844e-07
-28.968120569040796	-7.10970190073e-07 +/- 9.96781498365e-07
-27.61819803746654	1.6265803713e-06 +/- 1.0926924813e-06
-26.26827550589229	5.51021134886e-07 +/- 1.38337128512e-06
-24.918352974318044	-8.06610674647e-07 +/- 1.56604741222e-06
-23.568430442743786	-1.27782261683e-06 +/- 1.83375997527e-06
-22.21850791116953	-1.66374877924e-06 +/- 2.20787162309e-06
-20.868585379595288	3.47537264223e-06 +/- 2.38834761785e-06
-19.518662848021034	-9.91935807592e-07 +/- 2.9512282775e-06
-18.16874031644678	-2.82470409558e-06 +/- 2.87911163045e-06
-16.818817784872525	2.40070892922e-06 +/- 3.06528987668e-06
-15.468895253298275	5.4794149094e-07 +/- 3.59796289929e-06
-14.118972721724026	1.02472222735e-06 +/- 4.00450659795e-06
-12.769050190149773	8.05251924437e-06 +/- 4.1639085375e-06
-11.419127658575517	9.34357635434e-06 +/- 4.35001807888e-06
-10.069205127001265	-5.65787684622e-06 +/- 4.64806480471e-06
-8.719282595427014	-6.85149867242e-06 +/- 4.91733107386e-06
-7.369360063852757	-5.71660385549e-07 +/- 5.10265049012e-06
-6.019437532278507	1.55597142782e-05 +/- 4.81866723092e-06
-4.669515000704256	8.89431972035e-06 +/- 5.23876484609e-06
-3.3195924691300043	-2.53765158856e-06 +/- 5.64463715442e-06
-1.969669937555754	5.62972053847e-06 +/- 6.01799477199e-06
-0.6197474059814969	4.62741806677e-05 +/- 5.42396570818e-06
0.7301751255927541	0.000194403056154 +/- 4.80016410767e-06
2.080097657167005	0.000187626600895 +/- 2.8301762337e-06
3.430020188741262	0.000100099420269 +/- 1.83437756323e-06
4.779942720315513	5.73878199182e-05 +/- 1.26198211208e-06
6.129865251889764	3.74947955069e-05 +/- 8.54956671304e-07
7.479787783464015	2.70136332147e-05 +/- 6.85168683334e-07
8.829710315038266	2.06063751429e-05 +/- 5.47726519363e-07
10.179632846612517	1.60093351678e-05 +/- 5.87754964782e-07
11.52955537818678	1.26538592189e-05 +/- 5.27967125595e-07
12.879477909761029	1.05644708286e-05 +/- 4.19667564497e-07
14.229400441335281	9.31261839232e-06 +/- 3.40629175999e-07
15.579322972909534	7.66782106159e-06 +/- 3.50926299069e-07
16.929245504483784	6.63315305953e-06 +/- 3.47597078444e-07
18.279168036058035	6.36225263601e-06 +/- 3.4205445105e-07
19.629090567632286	5.60531373513e-06 +/- 2.53218441737e-07
20.979013099206536	4.63109427169e-06 +/- 2.63076283536e-07
22.328935630780787	4.49588272529e-06 +/- 2.53360923429e-07
23.67885816235505	4.21968665181e-06 +/- 2.45347786956e-07
25.0287806939293	3.61127270223e-06 +/- 2.1758174173e-07
26.378703225503553	3.62674445788e-06 +/- 2.36412497439e-07
27.7286257570778	3.72889592653e-06 +/- 1.99964982071e-07
29.07854828865206	3.26789597899e-06 +/- 2.1489204775e-07
30.428470820226305	3.06371685638e-06 +/- 1.90730341609e-07
31.778393351800553	2.77466185583e-06 +/- 2.27154217647e-07


