# L = 12.0 
# X: T
# Y: |Magnetization|
-11.966759002770083	5.69412336752 +/- 0.0
-11.62927836987652	5.69412336752 +/- 0.0
-11.291797736982957	5.69412336752 +/- 0.0
-10.954317104089395	5.69412336752 +/- 0.0
-10.616836471195832	5.69412336752 +/- 0.0
-10.279355838302267	5.69412336752 +/- 0.0
-9.941875205408705	5.69412316262 +/- 2.05368075897e-07
-9.60439457251514	5.69412316093 +/- 2.07649842409e-07
-9.266913939621578	5.69411811307 +/- 9.83015280355e-07
-8.929433306728015	5.69409888359 +/- 2.18921737111e-06
-8.591952673834452	5.69402909387 +/- 4.15079867715e-06
-8.25447204094089	5.69384383223 +/- 7.22511471441e-06
-7.916991408047326	5.69346763012 +/- 1.22053661584e-05
-7.579510775153764	5.69271976351 +/- 1.82195246494e-05
-7.242030142260199	5.69147701783 +/- 2.67222802427e-05
-6.904549509366635	5.68950677763 +/- 3.1771364656e-05
-6.567068876473073	5.68634165806 +/- 4.34170863875e-05
-6.229588243579511	5.68208044813 +/- 5.3867341544e-05
-5.8921076106859465	5.67616907949 +/- 6.80792866399e-05
-5.554626977792383	5.66828659051 +/- 8.72840541079e-05
-5.217146344898822	5.65811934344 +/- 0.000105011319833
-4.8796657120052584	5.64530352647 +/- 0.000131074176703
-4.542185079111695	5.62891407224 +/- 0.000181370784858
-4.204704446218131	5.60912237554 +/- 0.000171600115901
-3.8672238133245687	5.5847466844 +/- 0.000225422276977
-3.5297431804310064	5.55546427998 +/- 0.000274106994044
-3.1922625475374433	5.52044895632 +/- 0.000319358170339
-2.8547819146438793	5.47740347784 +/- 0.000385156113473
-2.517301281750316	5.42645216391 +/- 0.000436444427241
-2.1798206488567535	5.36369323525 +/- 0.000631712586654
-1.8423400159631893	5.2866129769 +/- 0.000776106578195
-1.5048593830696269	5.19052558217 +/- 0.000957702203987
-1.167378750176064	5.06797518625 +/- 0.00124370889722
-0.8298981172825011	4.90649749973 +/- 0.00170992123144
-0.4924174843889385	4.69521246654 +/- 0.00237661985555
-0.15493685149537423	4.41436693117 +/- 0.00314491095797
0.18254378139818853	4.07237907286 +/- 0.00397238146976
0.5200244142917513	3.66143502196 +/- 0.00417912153804
0.8575050471853155	3.24330621047 +/- 0.00411219427461
1.1949856800788783	2.8537151346 +/- 0.00462241817147
1.532466312972441	2.50365235226 +/- 0.00396516359994
1.8699469458660039	2.21114994212 +/- 0.00382001280582
2.2074275787595665	1.97420289304 +/- 0.0035885771224
2.544908211653129	1.7819444999 +/- 0.00336636341291
2.882388844546695	1.62672986032 +/- 0.00338996667076
3.219869477440257	1.49916804509 +/- 0.00274951164535
3.5573501103338203	1.39709050567 +/- 0.00276817428277
3.8948307432273834	1.31357920978 +/- 0.00261500241799
4.232311376120946	1.23784684459 +/- 0.00248995048567
4.569792009014509	1.16937376362 +/- 0.00241781319057
4.907272641908071	1.11870646518 +/- 0.00220111853575
5.244753274801634	1.07098339098 +/- 0.00237516640317
5.582233907695197	1.0359406726 +/- 0.00241813443853
5.919714540588762	0.99456372723 +/- 0.00231847978636
6.257195173482325	0.96204590083 +/- 0.00197896297276
6.594675806375888	0.932331842503 +/- 0.00204371771838
6.93215643926945	0.904999942758 +/- 0.00219214734017
7.269637072163015	0.883698555549 +/- 0.00212608914824
7.607117705056576	0.858876390397 +/- 0.00228114546536
7.944598337950138	0.837334872158 +/- 0.00216541234717


# L = 24.0 
# X: T
# Y: |Magnetization|
-23.933518005540165	9.25013070083 +/- 0.0
-23.25855673975304	9.25013070083 +/- 0.0
-22.583595473965914	9.25013070083 +/- 0.0
-21.90863420817879	9.25013070083 +/- 0.0
-21.233672942391664	9.25013070083 +/- 0.0
-20.558711676604535	9.25013070083 +/- 0.0
-19.88375041081741	9.25013070083 +/- 0.0
-19.20878914503028	9.25012974911 +/- 7.10556108629e-07
-18.533827879243155	9.25012203143 +/- 1.55551751515e-06
-17.85886661345603	9.25008687747 +/- 2.60335744896e-06
-17.183905347668905	9.24997478895 +/- 5.25926190022e-06
-16.50894408188178	9.2496965987 +/- 8.14398533752e-06
-15.833982816094652	9.24904769626 +/- 1.33389826242e-05
-15.159021550307529	9.24785342723 +/- 2.07344381311e-05
-14.484060284520398	9.24576517548 +/- 2.83709716158e-05
-13.80909901873327	9.24249988774 +/- 3.72653664461e-05
-13.134137752946145	9.23767853691 +/- 4.83016110143e-05
-12.459176487159022	9.23062813678 +/- 5.85026677966e-05
-11.784215221371893	9.22104613748 +/- 7.74843036325e-05
-11.109253955584766	9.20816521972 +/- 0.000100596994382
-10.434292689797644	9.19163024925 +/- 0.000118540198229
-9.759331424010517	9.17039179384 +/- 0.000146277435256
-9.08437015822339	9.1445676794 +/- 0.000152397334671
-8.409408892436263	9.11197540911 +/- 0.000230608631803
-7.734447626649137	9.07257764578 +/- 0.000252087927529
-7.059486360862013	9.02477006208 +/- 0.000294273340864
-6.384525095074887	8.967991682 +/- 0.000350654309344
-5.709563829287759	8.89825650247 +/- 0.000448340109251
-5.034602563500632	8.81472029733 +/- 0.000468423593909
-4.359641297713507	8.71286940254 +/- 0.000640706403027
-3.6846800319263786	8.59012744877 +/- 0.000779939206946
-3.0097187661392537	8.43097833371 +/- 0.00104929688522
-2.334757500352128	8.23327019789 +/- 0.00138456222798
-1.6597962345650021	7.96390527778 +/- 0.00231917397544
-0.984834968777877	7.57455998337 +/- 0.00373930288596
-0.30987370299074846	6.93098497157 +/- 0.00612779804978
0.36508756279637705	5.90968126867 +/- 0.0095912399948
1.0400488285835026	4.58626285043 +/- 0.0157025184052
1.715010094370631	3.44789573091 +/- 0.0119003771424
2.3899713601577566	2.67357915197 +/- 0.0113270859293
3.064932625944882	2.15492175563 +/- 0.00801777577054
3.7398938917320077	1.84724393254 +/- 0.00758211412747
4.414855157519133	1.6131735552 +/- 0.00774528620596
5.089816423306258	1.43624282034 +/- 0.00691755377174
5.76477768909339	1.31201505581 +/- 0.00632608258072
6.439738954880514	1.1994915103 +/- 0.00645178310447
7.114700220667641	1.12099102654 +/- 0.00655933220785
7.789661486454767	1.0476002453 +/- 0.00630933640893
8.464622752241892	0.990701479383 +/- 0.00570837019954
9.139584018029018	0.948972108334 +/- 0.00644126641321
9.814545283816143	0.90418177677 +/- 0.00652965568452
10.489506549603268	0.866762863925 +/- 0.00621620925538
11.164467815390394	0.834687873663 +/- 0.00700599441829
11.839429081177524	0.790437797486 +/- 0.00570237862624
12.51439034696465	0.78021086127 +/- 0.00734000920057
13.189351612751777	0.743932765943 +/- 0.00587565801494
13.8643128785389	0.74281810241 +/- 0.00699033361668
14.53927414432603	0.71770500117 +/- 0.00717551507845
15.214235410113153	0.697340996988 +/- 0.00732519205886
15.889196675900276	0.685046938954 +/- 0.00722102752995


# L = 48.0 
# X: T
# Y: |Magnetization|
-47.86703601108033	15.0268816567 +/- 0.0
-46.51711347950608	15.0268816567 +/- 0.0
-45.16719094793183	15.0268816567 +/- 0.0
-43.81726841635758	15.0268816567 +/- 0.0
-42.46734588478333	15.0268816567 +/- 0.0
-41.11742335320907	15.0268816567 +/- 0.0
-39.76750082163482	15.0268816567 +/- 0.0
-38.41757829006056	15.0268806479 +/- 3.50328858119e-07
-37.06765575848631	15.0268677728 +/- 1.25643824285e-06
-35.71773322691206	15.02681375 +/- 3.14896419934e-06
-34.36781069533781	15.0266327261 +/- 5.57608521679e-06
-33.01788816376356	15.0261677391 +/- 9.4460898346e-06
-31.667965632189304	15.0251466025 +/- 1.37899890042e-05
-30.318043100615057	15.0232049889 +/- 2.09510339164e-05
-28.968120569040796	15.0198308708 +/- 2.63230716604e-05
-27.61819803746654	15.0144959891 +/- 3.74962974185e-05
-26.26827550589229	15.0065530145 +/- 5.37667200847e-05
-24.918352974318044	14.9950958665 +/- 5.92048242004e-05
-23.568430442743786	14.9794964362 +/- 7.91996062527e-05
-22.21850791116953	14.9587525576 +/- 0.000100708764882
-20.868585379595288	14.9319007933 +/- 0.000121486886168
-19.518662848021034	14.8975907819 +/- 0.000143037678261
-18.16874031644678	14.8551778257 +/- 0.000173679255138
-16.818817784872525	14.8029334193 +/- 0.000207828786754
-15.468895253298275	14.7387675961 +/- 0.000251375482287
-14.118972721724026	14.6612359015 +/- 0.000309441362987
-12.769050190149773	14.5684923526 +/- 0.000360369543317
-11.419127658575517	14.4557024067 +/- 0.00040815176838
-10.069205127001265	14.3183500635 +/- 0.000503798611397
-8.719282595427014	14.1560982996 +/- 0.000657239193699
-7.369360063852757	13.9514585899 +/- 0.000813803643381
-6.019437532278507	13.6998442485 +/- 0.00108392883192
-4.669515000704256	13.3704652402 +/- 0.00139147390678
-3.3195924691300043	12.9364913162 +/- 0.00227150877507
-1.969669937555754	12.2996432879 +/- 0.0034107563492
-0.6197474059814969	11.1392990927 +/- 0.00816413337034
0.7301751255927541	8.35730234573 +/- 0.023389179774
2.080097657167005	4.75113852749 +/- 0.0198399996956
3.430020188741262	2.92474886167 +/- 0.0156829702102
4.779942720315513	2.14750160985 +/- 0.0140034137322
6.129865251889764	1.73307118898 +/- 0.0120559393401
7.479787783464015	1.48457398101 +/- 0.0108139592005
8.829710315038266	1.27739345036 +/- 0.0111197447875
10.179632846612517	1.15156123586 +/- 0.0114511521747
11.52955537818678	1.0545867683 +/- 0.0117574877268
12.879477909761029	0.967205772763 +/- 0.0125002157927
14.229400441335281	0.898837391965 +/- 0.0095475436486
15.579322972909534	0.856053873829 +/- 0.0110357905876
16.929245504483784	0.810705224725 +/- 0.0111397532286
18.279168036058035	0.752801190641 +/- 0.0114828378055
19.629090567632286	0.724130984626 +/- 0.0105782481932
20.979013099206536	0.710599931916 +/- 0.0102566285524
22.328935630780787	0.677479428329 +/- 0.0105904226477
23.67885816235505	0.649152589577 +/- 0.0107564643441
25.0287806939293	0.636231631115 +/- 0.0103988542419
26.378703225503553	0.603296897389 +/- 0.0117001894757
27.7286257570778	0.565571110697 +/- 0.0103924527335
29.07854828865206	0.566538638853 +/- 0.011548723511
30.428470820226305	0.550269738044 +/- 0.0106717041583
31.778393351800553	0.545116210979 +/- 0.0130945213442


