# L = 24.0 
# X: T
# Y: Binder Cumulant
0.01	1.0 +/- 0.0
0.111525423729	1.0 +/- 0.0
0.213050847458	1.0 +/- 0.0
0.314576271186	1.0 +/- 0.0
0.416101694915	0.999997751904 +/- 2.73807320141e-07
0.517627118644	0.999980588198 +/- 1.97835306706e-05
0.619152542373	1.00001854648 +/- 7.56803724004e-05
0.720677966102	1.00001483517 +/- 0.000151909401642
0.822203389831	0.999929680748 +/- 0.000243541477502
0.923728813559	1.00039277418 +/- 0.000374079674027
1.02525423729	1.00077466078 +/- 0.000688675650811
1.12677966102	0.998869729895 +/- 0.0008220610137
1.22830508475	1.0019090928 +/- 0.00108238022239
1.32983050847	1.00096496817 +/- 0.00156011813949
1.4313559322	1.01527658924 +/- 0.00260774690542
1.53288135593	1.24275461925 +/- 0.0049462188308
1.63440677966	2.27416265588 +/- 0.0194689774536
1.73593220339	2.70238599633 +/- 0.0423253145169
1.83745762712	2.8977077185 +/- 0.0903172087144
1.93898305085	2.93636761263 +/- 0.083965347692
2.04050847458	3.04626875491 +/- 0.119631311167
2.14203389831	3.13777510369 +/- 0.136104413111
2.24355932203	2.81748773864 +/- 0.134060207439
2.34508474576	2.80723813945 +/- 0.153657056379
2.44661016949	3.22972605075 +/- 0.167313179408
2.54813559322	2.79105059443 +/- 0.161383668091
2.64966101695	3.01567501835 +/- 0.20598908913
2.75118644068	2.95632378692 +/- 0.207692452872
2.85271186441	2.79222895638 +/- 0.198765251308
2.95423728814	3.48641946596 +/- 0.318933033007
3.05576271186	3.24692264276 +/- 0.260362683827
3.15728813559	2.87872050825 +/- 0.214996684273
3.25881355932	3.32674927027 +/- 0.289758558198
3.36033898305	2.72098267689 +/- 0.220405626516
3.46186440678	2.47540214739 +/- 0.221946527536
3.56338983051	3.11551713184 +/- 0.266891567458
3.66491525424	2.40435790639 +/- 0.247761654833
3.76644067797	2.61958095019 +/- 0.199202715135
3.86796610169	3.01129520195 +/- 0.246984406224
3.96949152542	2.85858260297 +/- 0.233054116459
4.07101694915	2.56490782009 +/- 0.258709303668
4.17254237288	2.99181623931 +/- 0.248845771122
4.27406779661	2.8242973523 +/- 0.340699312652
4.37559322034	3.08290923265 +/- 0.283592782534
4.47711864407	3.09774060945 +/- 0.430745440221
4.5786440678	2.81242101002 +/- 0.259846066831
4.68016949153	2.76420782682 +/- 0.35011449278
4.78169491525	2.76376678014 +/- 0.25162463546
4.88322033898	2.67565999587 +/- 0.260647292402
4.98474576271	3.17082796222 +/- 0.390601233506
5.08627118644	2.90623172449 +/- 0.366880219629
5.18779661017	3.23050373788 +/- 0.392820888901
5.2893220339	2.31947064202 +/- 0.262451879257
5.39084745763	2.74242965559 +/- 0.368105794426
5.49237288136	3.24202253242 +/- 0.322235550591
5.59389830508	3.13019925438 +/- 0.355533287508
5.69542372881	2.64175749076 +/- 0.284207605283
5.79694915254	2.97716767133 +/- 0.498250763412
5.89847457627	3.97174639838 +/- 0.517147560481
6.0	2.65651406516 +/- 0.30462911949


# L = 48.0 
# X: T
# Y: Binder Cumulant
0.01	1.0 +/- 0.0
0.111525423729	1.0 +/- 0.0
0.213050847458	1.0 +/- 0.0
0.314576271186	0.999999948167 +/- 2.06081743918e-08
0.416101694915	0.999997819362 +/- 1.29264815061e-07
0.517627118644	0.999980298948 +/- 2.00164922144e-05
0.619152542373	1.00007439208 +/- 8.09168351916e-05
0.720677966102	0.999806883914 +/- 0.000160643240744
0.822203389831	1.00033073409 +/- 0.000289373351186
0.923728813559	1.00128095252 +/- 0.000471928793549
1.02525423729	0.999680476281 +/- 0.000654885210333
1.12677966102	1.00052175476 +/- 0.000827468855738
1.22830508475	1.0005030534 +/- 0.0013795110408
1.32983050847	1.00238203991 +/- 0.00182673677786
1.4313559322	1.00551403085 +/- 0.00249539926571
1.53288135593	1.36274879333 +/- 0.00779895386766
1.63440677966	2.72235152894 +/- 0.0598943233699
1.73593220339	2.89575508059 +/- 0.103130945323
1.83745762712	2.95401102499 +/- 0.183358317292
1.93898305085	3.06593054601 +/- 0.180704457259
2.04050847458	3.09355906762 +/- 0.331156439163
2.14203389831	3.25353782155 +/- 0.287020910552
2.24355932203	2.5517295435 +/- 0.25898712531
2.34508474576	3.58374923671 +/- 0.425994348914
2.44661016949	2.68288880961 +/- 0.26699137401
2.54813559322	2.95511733404 +/- 0.371263540294
2.64966101695	3.13090848115 +/- 0.497652637967
2.75118644068	3.31733990466 +/- 0.498583569687
2.85271186441	3.12621079099 +/- 0.424267931386
2.95423728814	3.59035847971 +/- 0.532076331836
3.05576271186	3.03615880041 +/- 0.431948062737
3.15728813559	3.76056405412 +/- 0.556297389734
3.25881355932	2.13531426491 +/- 0.271557860118
3.36033898305	3.31394158594 +/- 0.455729241503
3.46186440678	2.94987318667 +/- 0.388037223567
3.56338983051	3.19226128657 +/- 0.637436092442
3.66491525424	2.94924659266 +/- 0.469664374085
3.76644067797	2.38115398777 +/- 0.548044110012
3.86796610169	3.18167506083 +/- 0.527887027452
3.96949152542	3.63911521015 +/- 0.632553620167
4.07101694915	1.8951636885 +/- 0.275553702574
4.17254237288	3.27885109683 +/- 0.542208242649
4.27406779661	2.35842566116 +/- 0.422548234908
4.37559322034	3.47132345329 +/- 0.873080933768
4.47711864407	3.54467109091 +/- 0.621238880006
4.5786440678	3.53398427647 +/- 0.639672873932
4.68016949153	3.18386052089 +/- 0.722124276706
4.78169491525	4.01312054372 +/- 0.852419634091
4.88322033898	2.57200329237 +/- 0.439967276791
4.98474576271	3.62663383333 +/- 0.606327255847
5.08627118644	2.81147394119 +/- 0.491327340038
5.18779661017	3.36701241162 +/- 0.943353546446
5.2893220339	2.62845992965 +/- 0.676549399017
5.39084745763	1.78093038523 +/- 0.289731405912
5.49237288136	2.47341621532 +/- 0.496689714347
5.59389830508	2.43836694044 +/- 0.393086988789
5.69542372881	2.05968391741 +/- 0.400768034674
5.79694915254	2.40521294567 +/- 0.344154521015
5.89847457627	3.07899955418 +/- 0.613663254572
6.0	2.63429580206 +/- 0.455441470452


# L = 12.0 
# X: T
# Y: Binder Cumulant
0.01	1.0 +/- 0.0
0.111525423729	1.0 +/- 0.0
0.213050847458	1.0 +/- 0.0
0.314576271186	1.0 +/- 0.0
0.416101694915	0.99999812571 +/- 5.43544478083e-07
0.517627118644	0.999997962344 +/- 2.55255954338e-05
0.619152542373	1.00001508003 +/- 7.24518668847e-05
0.720677966102	1.00015554097 +/- 0.000155644192522
0.822203389831	0.999921238327 +/- 0.000263443800366
0.923728813559	1.00045165823 +/- 0.000375079090876
1.02525423729	1.00009849406 +/- 0.000602698766222
1.12677966102	1.0017652473 +/- 0.000854937841288
1.22830508475	1.00175772384 +/- 0.00107561217158
1.32983050847	1.00831269072 +/- 0.00149060930781
1.4313559322	1.03358021093 +/- 0.00223348765441
1.53288135593	1.19250425592 +/- 0.00341552369389
1.63440677966	1.65749599447 +/- 0.00753272837797
1.73593220339	2.18851831029 +/- 0.0177617599833
1.83745762712	2.56120392452 +/- 0.0254216086166
1.93898305085	2.69066585097 +/- 0.0372215753114
2.04050847458	2.81811007978 +/- 0.0485443949592
2.14203389831	2.93048237916 +/- 0.0604006065996
2.24355932203	2.85689408486 +/- 0.0714839023191
2.34508474576	2.85994284898 +/- 0.0718555352011
2.44661016949	2.79977336622 +/- 0.0657515486883
2.54813559322	2.82964598809 +/- 0.068198432947
2.64966101695	2.80970889164 +/- 0.0769188968272
2.75118644068	2.99105593111 +/- 0.0915455288177
2.85271186441	2.77618281764 +/- 0.0936985202309
2.95423728814	3.01412371876 +/- 0.0902279211837
3.05576271186	3.06797470986 +/- 0.114623425065
3.15728813559	3.06717199489 +/- 0.128157773399
3.25881355932	2.96041936335 +/- 0.0987594302636
3.36033898305	3.0044765522 +/- 0.109798733016
3.46186440678	2.77901801035 +/- 0.114056603279
3.56338983051	3.03088171874 +/- 0.130069870621
3.66491525424	2.93051300312 +/- 0.116439649545
3.76644067797	3.15028274449 +/- 0.163805515418
3.86796610169	3.05722038272 +/- 0.14021526325
3.96949152542	2.95945577279 +/- 0.146434966545
4.07101694915	2.97329638366 +/- 0.158937002049
4.17254237288	2.58165801125 +/- 0.109111939527
4.27406779661	2.945973537 +/- 0.158858234586
4.37559322034	3.01573937671 +/- 0.165721431865
4.47711864407	2.72081784805 +/- 0.147226392221
4.5786440678	3.08898917097 +/- 0.17382553808
4.68016949153	2.79176188892 +/- 0.138761907879
4.78169491525	2.88255056811 +/- 0.141434833465
4.88322033898	2.8921580773 +/- 0.149840859047
4.98474576271	3.05215839095 +/- 0.146826313526
5.08627118644	3.21916679836 +/- 0.202563259846
5.18779661017	3.15702751754 +/- 0.206163316061
5.2893220339	3.21328685496 +/- 0.197244394601
5.39084745763	2.8096204213 +/- 0.163649311358
5.49237288136	2.56380205291 +/- 0.16580206926
5.59389830508	3.40897490888 +/- 0.298948202081
5.69542372881	3.09537990906 +/- 0.210386592652
5.79694915254	2.86348207938 +/- 0.215110024273
5.89847457627	2.72650531862 +/- 0.149495657862
6.0	2.9506239764 +/- 0.185427259223


