# L = 12.0 
# X: T
# Y: Binder Cumulant
0.0	1.0 +/- 0.0
0.1	1.0 +/- 0.0
0.2	1.0 +/- 0.0
0.3	1.0 +/- 0.0
0.4	1.0 +/- 0.0
0.5	1.0 +/- 0.0
0.6	1.0 +/- 0.0
0.7	1.00000506103 +/- 5.28165834371e-06
0.8	0.999998285257 +/- 3.77916157485e-07
0.9	0.999996491723 +/- 5.5357451872e-06
1.0	0.999996957724 +/- 1.18193816884e-05
1.1	0.999983197996 +/- 1.81842017214e-05
1.2	0.999965493608 +/- 3.38322582902e-05
1.3	0.999986105466 +/- 4.70643838121e-05
1.4	1.00005711784 +/- 6.48776581715e-05
1.5	0.999946064119 +/- 0.000102308903728
1.6	1.0000250822 +/- 0.000110912840819
1.7	1.00031437728 +/- 0.00016704781254
1.8	1.00017655004 +/- 0.00023866669425
1.9	1.00047399751 +/- 0.000254058807818
2.0	1.00053696082 +/- 0.000292196961251
2.1	1.00010258212 +/- 0.000330907439658
2.2	1.00039251694 +/- 0.0004152102363
2.3	1.00156047764 +/- 0.000466528198734
2.4	1.00124901999 +/- 0.000502792895416
2.5	1.00260965839 +/- 0.000512209707669
2.6	1.00262530447 +/- 0.000659978866977
2.8	1.00310030152 +/- 0.000696473997329
2.9	1.00483029856 +/- 0.000806718774075
3.0	1.00598996312 +/- 0.000824198866532
3.1	1.01113287775 +/- 0.000894856375981
3.2	1.01800629216 +/- 0.00113195841613
3.3	1.02714995311 +/- 0.00129919967323
3.4	1.04349030046 +/- 0.00146818297325
3.5	1.06780199942 +/- 0.00162918703743
3.6	1.11363509182 +/- 0.00185509870402
3.7	1.18157573408 +/- 0.00211757013618
3.8	1.27742423444 +/- 0.00235934013279
3.9	1.40924882799 +/- 0.00301132239591
4.0	1.558323901 +/- 0.00383353033357
4.1	1.72531760865 +/- 0.00457223103991
4.2	1.87464695246 +/- 0.00448495252275
4.3	2.02297106776 +/- 0.00572718915682
4.4	2.17501143703 +/- 0.00626720638945
4.5	2.27503565299 +/- 0.00701043989746
4.6	2.36573110849 +/- 0.0077212064279
4.7	2.46552822547 +/- 0.0116189655824
4.8	2.49149359841 +/- 0.0124625594879
4.9	2.58744271379 +/- 0.0126219823976
5.0	2.64867911242 +/- 0.0155613963464
5.1	2.67736635744 +/- 0.0153210014514
5.2	2.69980078709 +/- 0.0152794544894
5.3	2.7426773284 +/- 0.0179985917538
5.4	2.77502170262 +/- 0.0181270588237
5.5	2.74353607424 +/- 0.0189091608271
5.6	2.79096767799 +/- 0.0231904629591
5.7	2.81812792981 +/- 0.0200264649672
5.8	2.8609171077 +/- 0.0246223712324
5.9	2.81068700121 +/- 0.0257142168008
6.0	2.8676848648 +/- 0.0261253632824


# L = 24.0 
# X: T
# Y: Binder Cumulant
0.0	1.0 +/- 0.0
0.1	1.0 +/- 0.0
0.2	1.0 +/- 0.0
0.3	1.0 +/- 0.0
0.4	1.0 +/- 0.0
0.5	1.0 +/- 0.0
0.6	1.0 +/- 0.0
0.7	0.999999584874 +/- 1.65002259244e-07
0.8	0.999998252286 +/- 2.1648537269e-07
0.9	0.99999150604 +/- 5.79418006077e-07
1.0	0.999988345428 +/- 1.44034114024e-05
1.1	0.999966277245 +/- 2.49572124923e-05
1.2	1.00000285636 +/- 4.86880415043e-05
1.3	1.00005568915 +/- 7.36498562662e-05
1.4	0.999974751088 +/- 9.69881255846e-05
1.5	0.999950363251 +/- 0.000120637814261
1.6	0.99961279245 +/- 0.000150197826985
1.7	0.999575974071 +/- 0.000217317335738
1.8	1.0003966462 +/- 0.000264108528161
1.9	1.00010230457 +/- 0.000311052968983
2.0	1.00015162125 +/- 0.000362641274742
2.1	1.00068781856 +/- 0.000432163322808
2.2	1.00053581152 +/- 0.000584312627753
2.3	0.999798492292 +/- 0.000669509048589
2.4	1.00065146593 +/- 0.000673701085165
2.5	0.999743933109 +/- 0.000607412635465
2.6	1.00161317268 +/- 0.000999184931957
2.8	1.00206077629 +/- 0.000948975250519
2.9	1.00293806504 +/- 0.00101824934681
3.0	1.00213394558 +/- 0.00116266760789
3.1	0.998996525151 +/- 0.00124618865175
3.2	1.00370182322 +/- 0.00159890147837
3.3	1.00429553771 +/- 0.00181555220549
3.4	1.01357019875 +/- 0.00165029958233
3.5	1.03018454905 +/- 0.0019708839326
3.6	1.08286505433 +/- 0.00286400123274
3.7	1.20788146883 +/- 0.00486994193791
3.8	1.45043230359 +/- 0.00689794802423
3.9	1.79423399968 +/- 0.0106989250373
4.0	2.1320231698 +/- 0.0135138483858
4.1	2.43558870318 +/- 0.0227748463794
4.2	2.54784201099 +/- 0.0256185409512
4.3	2.67675200491 +/- 0.0285607096506
4.4	2.67141169907 +/- 0.033556539858
4.5	2.78481399157 +/- 0.0399327020719
4.6	2.84307890299 +/- 0.0536017053039
4.7	2.90372484214 +/- 0.0535477037304
4.8	2.98433501888 +/- 0.0635146159043
4.9	2.82926033565 +/- 0.0587870119351
5.0	2.89393300159 +/- 0.0739722369651
5.1	2.80162826385 +/- 0.0762334892456
5.2	2.93656638839 +/- 0.0940533968055
5.3	2.85005467514 +/- 0.0654858258233
5.4	2.88561773738 +/- 0.0923513170477
5.5	2.94577858321 +/- 0.0905365481239
5.6	3.01309411348 +/- 0.110793592279
5.7	2.68111884257 +/- 0.101934048228
5.8	2.9210186227 +/- 0.112280332561
5.9	2.82611233644 +/- 0.0993011914246
6.0	3.01598924891 +/- 0.112842887965


# L = 48.0 
# X: T
# Y: Binder Cumulant
0.0	1.0 +/- 0.0
0.1	1.0 +/- 0.0
0.2	1.0 +/- 0.0
0.3	1.0 +/- 0.0
0.4	1.0 +/- 0.0
0.5	1.0 +/- 0.0
0.6	0.999999984343 +/- 1.56574855036e-08
0.7	0.999999801954 +/- 5.61813861179e-08
0.8	0.999997958022 +/- 1.93300651877e-07
0.9	0.99999062704 +/- 4.00984190351e-07
1.0	1.00000444362 +/- 2.69950883527e-05
1.1	1.00007417373 +/- 5.46279078033e-05
1.2	0.999978833695 +/- 6.58313360209e-05
1.3	1.00004014836 +/- 9.92434962338e-05
1.4	1.00018062369 +/- 0.00012700442621
1.5	1.00001910651 +/- 0.000159908907061
1.6	1.00003485748 +/- 0.000199713338736
1.7	1.00051580661 +/- 0.00029187940402
1.8	0.999506761887 +/- 0.000304268763604
1.9	1.00005176671 +/- 0.000381994020829
2.0	1.00028478033 +/- 0.000540027015546
2.1	1.00027198799 +/- 0.00057419286941
2.2	0.999642887861 +/- 0.000654577709718
2.3	1.00059283636 +/- 0.000804910056814
2.4	0.999971321793 +/- 0.000851183406777
2.5	0.999660236693 +/- 0.00100688031039
2.6	1.00003903191 +/- 0.00113723740713
2.8	1.0000944272 +/- 0.00124805521606
2.9	1.00110083469 +/- 0.00117519603927
3.0	0.999612231415 +/- 0.00159796678868
3.1	1.00278530448 +/- 0.00170308357617
3.2	0.99693788338 +/- 0.00191718364316
3.3	1.00102873506 +/- 0.00206299034632
3.4	1.00311473235 +/- 0.00283484475439
3.5	1.00990209365 +/- 0.00270673707951
3.6	1.04271869279 +/- 0.00382636035265
3.7	1.25471287704 +/- 0.00704490688225
3.8	1.92045457023 +/- 0.0155204915124
3.9	2.50435554329 +/- 0.0295708738602
4.0	2.76389987725 +/- 0.0385836522368
4.1	2.88727236783 +/- 0.0646124439487
4.2	2.89522723877 +/- 0.0730114227127
4.3	2.84795152443 +/- 0.0781328528433
4.4	3.05735819728 +/- 0.118115251452
4.5	3.1298229194 +/- 0.139010584772
4.6	2.88969750485 +/- 0.123368169832
4.7	3.09208337923 +/- 0.135979933739
4.8	3.11434199408 +/- 0.141092151704
4.9	3.33450754565 +/- 0.152676317746
5.0	2.55902718048 +/- 0.140624899262
5.1	2.72743522495 +/- 0.139949250383
5.2	3.04506604976 +/- 0.176865238427
5.3	3.10755919885 +/- 0.173275326895
5.4	2.89677913781 +/- 0.190942642407
5.5	3.62286005669 +/- 0.32779185529
5.6	2.73440359097 +/- 0.156381822537
5.7	2.56432526842 +/- 0.166146914825
5.8	3.55683912101 +/- 0.330514064069
5.9	3.39046385144 +/- 0.267791672273
6.0	3.12863140582 +/- 0.397464125095


