# L = 12.0 
# X: T
# Y: Binder Cumulant
0.0	1.0 +/- 0.0
0.1	1.0 +/- 0.0
0.2	1.0 +/- 0.0
0.3	1.0 +/- 0.0
0.4	1.0 +/- 0.0
0.5	1.0 +/- 0.0
0.6	1.0 +/- 0.0
0.7	0.999999775803 +/- 2.24197348167e-07
0.8	0.999998654814 +/- 5.37099577069e-07
0.9	1.00000830798 +/- 1.62769939092e-05
1.0	1.00003280306 +/- 3.25779560481e-05
1.1	0.99999422535 +/- 3.67512423907e-05
1.2	1.0001283364 +/- 7.2981315317e-05
1.3	0.999996365252 +/- 8.1819071064e-05
1.4	1.00005155439 +/- 0.000140553722497
1.5	1.0003763336 +/- 0.000158612637564
1.6	0.999973312387 +/- 0.000202790433856
1.7	1.00034020186 +/- 0.000296669230014
1.8	0.999838840704 +/- 0.000339519134626
1.9	1.00083244299 +/- 0.000387754793735
2.0	1.0002435323 +/- 0.000425968993605
2.1	1.00063433079 +/- 0.000516790668983
2.2	1.00018589185 +/- 0.000644447005816
2.3	1.00013182481 +/- 0.00077041497927
2.4	1.00285333219 +/- 0.000795970253318
2.5	1.00194343457 +/- 0.000884472094579
2.6	1.00466799977 +/- 0.001033428998
2.8	1.00503166921 +/- 0.00129863912765
2.9	1.00442935843 +/- 0.00125377578252
3.0	1.00717662149 +/- 0.00138122190116
3.1	1.01107895049 +/- 0.00156153587486
3.2	1.01546984851 +/- 0.00181678276237
3.3	1.02665731511 +/- 0.00189016715561
3.4	1.04105647165 +/- 0.00241314001077
3.5	1.06809580329 +/- 0.00245858965195
3.6	1.11054642434 +/- 0.00317656235906
3.7	1.18048229566 +/- 0.00277995506091
3.8	1.27174795082 +/- 0.00388876609204
3.9	1.41232841089 +/- 0.0073211638928
4.0	1.57054827523 +/- 0.00682237996712
4.1	1.73245595627 +/- 0.00963999259649
4.2	1.89705956314 +/- 0.0112621839469
4.3	2.00957825455 +/- 0.0138624930579
4.4	2.15391619942 +/- 0.0148970157343
4.5	2.26201321289 +/- 0.017658313503
4.6	2.35868300921 +/- 0.0182993560735
4.7	2.54398312797 +/- 0.0227103390587
4.8	2.5426766806 +/- 0.0274079299592
4.9	2.53971306851 +/- 0.0244330697381
5.0	2.61917784082 +/- 0.0255664022017
5.1	2.69189473515 +/- 0.0271068298095
5.2	2.66740156367 +/- 0.0341869767964
5.3	2.76240737627 +/- 0.0392505543606
5.4	2.72091272181 +/- 0.0406937571133
5.5	2.79992591641 +/- 0.043309200687
5.6	2.80074451172 +/- 0.0496363007845
5.7	2.83925731402 +/- 0.049909187
5.8	2.92462478273 +/- 0.0505515852379
5.9	2.83377019236 +/- 0.051971276601
6.0	2.92708370244 +/- 0.0583073764427


# L = 24.0 
# X: T
# Y: Binder Cumulant
0.0	1.0 +/- 0.0
0.1	1.0 +/- 0.0
0.2	1.0 +/- 0.0
0.3	1.0 +/- 0.0
0.4	1.0 +/- 0.0
0.5	1.0 +/- 0.0
0.6	1.0 +/- 0.0
0.7	0.999999932888 +/- 6.71120545537e-08
0.8	0.999998523532 +/- 3.38329446401e-07
0.9	0.999990712669 +/- 7.81090034415e-07
1.0	0.999966919957 +/- 1.4227158989e-06
1.1	1.00000392094 +/- 4.34892599415e-05
1.2	0.999984084706 +/- 6.21528280102e-05
1.3	1.00003573696 +/- 0.000101029361185
1.4	1.00003041938 +/- 0.000149937311669
1.5	0.999939238667 +/- 0.000153293288726
1.6	0.999958202658 +/- 0.000241506808634
1.7	1.00006289337 +/- 0.000300225788979
1.8	0.999446881205 +/- 0.000299980898716
1.9	1.00117405667 +/- 0.000463363473252
2.0	1.0004436641 +/- 0.000488029023824
2.1	0.999892154164 +/- 0.000549824010339
2.2	1.00135040621 +/- 0.000704180735139
2.3	1.00046582991 +/- 0.000830505034419
2.4	0.999341102826 +/- 0.000817260533333
2.5	0.998528983695 +/- 0.000968247187082
2.6	1.00254348043 +/- 0.00105614169973
2.8	1.00094518288 +/- 0.00125020188275
2.9	1.00242491392 +/- 0.00131669097903
3.0	1.00527133436 +/- 0.00152498857176
3.1	1.00222500445 +/- 0.00160473849298
3.2	1.00585334925 +/- 0.0019749719104
3.3	1.01032224678 +/- 0.00219757294977
3.4	1.01877136988 +/- 0.00226332263
3.5	1.03283017137 +/- 0.00243093942309
3.6	1.08094193059 +/- 0.00423666991211
3.7	1.21008023517 +/- 0.00514588642945
3.8	1.45551724862 +/- 0.00729223152432
3.9	1.76949778163 +/- 0.0122465498485
4.0	2.12174557072 +/- 0.0172800893407
4.1	2.38624088922 +/- 0.0247306921484
4.2	2.61012188056 +/- 0.0300453603609
4.3	2.69601220531 +/- 0.0412092074707
4.4	2.74162160682 +/- 0.0490327342989
4.5	2.73956155046 +/- 0.0524171403583
4.6	2.78947393783 +/- 0.05919259612
4.7	2.64708831579 +/- 0.0559313621545
4.8	2.94162511279 +/- 0.0725008931702
4.9	2.79209661093 +/- 0.0758257532617
5.0	2.82129077459 +/- 0.087012311998
5.1	2.80905024095 +/- 0.078542191763
5.2	3.05109334181 +/- 0.115967772653
5.3	2.92849878604 +/- 0.102269765916
5.4	2.91670860662 +/- 0.0976692957733
5.5	2.80278871851 +/- 0.120627052951
5.6	2.94818544438 +/- 0.138009881243
5.7	2.98681470392 +/- 0.151314044701
5.8	3.03000517351 +/- 0.127196293393
5.9	2.82551167509 +/- 0.127053180049
6.0	3.0664842364 +/- 0.142716841307


# L = 48.0 
# X: T
# Y: Binder Cumulant
0.0	1.0 +/- 0.0
0.1	1.0 +/- 0.0
0.2	1.0 +/- 0.0
0.3	1.0 +/- 0.0
0.4	1.0 +/- 0.0
0.5	1.0 +/- 0.0
0.6	1.0 +/- 0.0
0.7	0.999999709625 +/- 8.42463238369e-08
0.8	0.999998516051 +/- 1.51728116605e-07
0.9	1.00003107723 +/- 2.79729458453e-05
1.0	1.00002606691 +/- 3.36686176928e-05
1.1	0.999982204039 +/- 3.88418244443e-05
1.2	1.00000421956 +/- 7.07909555938e-05
1.3	0.999943883494 +/- 8.65106626187e-05
1.4	1.0000073769 +/- 0.00012988387073
1.5	0.999987799525 +/- 0.000180693236443
1.6	1.00026336519 +/- 0.000314423635746
1.7	1.00000038735 +/- 0.00029104710156
1.8	0.999952644688 +/- 0.000359038382975
1.9	0.999841425112 +/- 0.000368592237143
2.0	1.00049001276 +/- 0.000537935546333
2.1	1.00074834685 +/- 0.000585625992917
2.2	0.999372968001 +/- 0.000567727538249
2.3	0.999724615038 +/- 0.000832405613116
2.4	0.999208925827 +/- 0.00087034223086
2.5	1.00053294597 +/- 0.00105282806323
2.6	1.00065341291 +/- 0.00118806102403
2.8	1.00061440781 +/- 0.00105783670378
2.9	1.00038421391 +/- 0.00121670023964
3.0	1.00150522582 +/- 0.00148407269003
3.1	1.00270027353 +/- 0.00186534624928
3.2	1.00059486098 +/- 0.00196212641925
3.3	1.00385256799 +/- 0.00231887839158
3.4	1.00354958069 +/- 0.00239723625807
3.5	1.00960381843 +/- 0.00307495700036
3.6	1.04268309625 +/- 0.00343214561576
3.7	1.24420073321 +/- 0.00703656584764
3.8	1.92881211251 +/- 0.0160654897667
3.9	2.53635644777 +/- 0.034490001304
4.0	2.68124857075 +/- 0.0448079703036
4.1	2.80548868805 +/- 0.0690565494775
4.2	2.92779224312 +/- 0.0836773975335
4.3	2.98838800519 +/- 0.108756232194
4.4	2.94340722408 +/- 0.110989176878
4.5	2.99831867957 +/- 0.125905014175
4.6	3.08895345233 +/- 0.136695872266
4.7	2.91790201493 +/- 0.150174408765
4.8	2.82826814326 +/- 0.157804010994
4.9	2.92404041522 +/- 0.144944297496
5.0	2.68643245915 +/- 0.142106727147
5.1	3.06568123172 +/- 0.253826581468
5.2	3.0933890425 +/- 0.216969391373
5.3	3.29726039809 +/- 0.247802878275
5.4	2.82094688571 +/- 0.171361716627
5.5	3.20116815926 +/- 0.231259346623
5.6	3.30388052114 +/- 0.301863931655
5.7	3.375103184 +/- 0.24662428379
5.8	3.07423637956 +/- 0.242139437008
5.9	3.00358291487 +/- 0.251162089971
6.0	3.3122283165 +/- 0.296773713941


