# L = 24.0 
# X: T
# Y: Binder Cumulant
0.01	1.0 +/- 0.0
0.111525423729	1.0 +/- 0.0
0.213050847458	1.0 +/- 0.0
0.314576271186	1.0 +/- 0.0
0.416101694915	1.0 +/- 0.0
0.517627118644	0.999999067055 +/- 1.58485389628e-07
0.619152542373	0.999990252971 +/- 4.5841420843e-07
0.720677966102	0.99997756984 +/- 2.71839863933e-05
0.822203389831	0.999972879895 +/- 6.78626308615e-05
0.923728813559	0.999994348966 +/- 0.000119108724766
1.02525423729	0.999917157941 +/- 0.000185499113168
1.12677966102	0.999781577426 +/- 0.000325015136882
1.22830508475	1.00002037334 +/- 0.000389563197826
1.32983050847	0.99979450592 +/- 0.000523139057319
1.4313559322	0.999811907728 +/- 0.000580073159937
1.53288135593	1.00158294005 +/- 0.000880730652197
1.63440677966	1.00051560429 +/- 0.00111410925698
1.73593220339	1.00111637664 +/- 0.00122845606104
1.83745762712	1.00338202096 +/- 0.00174549413503
1.93898305085	1.00347960183 +/- 0.00201118730839
2.04050847458	1.01380765078 +/- 0.00272066864005
2.14203389831	1.16152353773 +/- 0.00483971623928
2.24355932203	2.03450563483 +/- 0.0177489803501
2.34508474576	2.67895469084 +/- 0.0390313003173
2.44661016949	2.90530905579 +/- 0.0685380331956
2.54813559322	2.95149532407 +/- 0.0949962384955
2.64966101695	2.89210760209 +/- 0.10294479606
2.75118644068	2.79447518288 +/- 0.112390695612
2.85271186441	2.81000010447 +/- 0.114453509484
2.95423728814	2.95483441469 +/- 0.140313442729
3.05576271186	3.22624532679 +/- 0.205712041208
3.15728813559	2.80685652579 +/- 0.172149537039
3.25881355932	2.72938863076 +/- 0.156429702448
3.36033898305	2.79239147371 +/- 0.208756309296
3.46186440678	3.05963515443 +/- 0.217432347049
3.56338983051	3.13736667662 +/- 0.212076220864
3.66491525424	2.89177530317 +/- 0.2569836618
3.76644067797	2.7855399775 +/- 0.20381269406
3.86796610169	3.12021000816 +/- 0.260459111211
3.96949152542	3.40014713504 +/- 0.358178799949
4.07101694915	2.87517901697 +/- 0.188191876944
4.17254237288	3.09525650677 +/- 0.278710062529
4.27406779661	3.05556063912 +/- 0.308260245304
4.37559322034	3.24104786541 +/- 0.279590957679
4.47711864407	2.83441149711 +/- 0.33773045599
4.5786440678	2.6742527784 +/- 0.264365550524
4.68016949153	2.785074783 +/- 0.264979924679
4.78169491525	3.12386263812 +/- 0.369693009297
4.88322033898	3.98501218497 +/- 0.50837713473
4.98474576271	3.51957112459 +/- 0.485773945413
5.08627118644	3.3374636704 +/- 0.33151674655
5.18779661017	2.82245849819 +/- 0.290151187516
5.2893220339	2.828607323 +/- 0.255013386791
5.39084745763	2.148862571 +/- 0.241919618428
5.49237288136	3.30995026509 +/- 0.373084480823
5.59389830508	2.9731994362 +/- 0.288280018922
5.69542372881	3.3940317133 +/- 0.417176802139
5.79694915254	2.40993034158 +/- 0.266498971231
5.89847457627	2.89604303553 +/- 0.356249622336
6.0	2.98014363731 +/- 0.426002641501


# L = 48.0 
# X: T
# Y: Binder Cumulant
0.01	1.0 +/- 0.0
0.111525423729	1.0 +/- 0.0
0.213050847458	1.0 +/- 0.0
0.314576271186	1.0 +/- 0.0
0.416101694915	0.999999994238 +/- 5.76173315411e-09
0.517627118644	0.999999318937 +/- 6.61672234143e-08
0.619152542373	0.999989877236 +/- 2.59531551248e-07
0.720677966102	0.999978911945 +/- 2.83215119921e-05
0.822203389831	1.00001220587 +/- 7.39216811683e-05
0.923728813559	0.999972161818 +/- 0.000116009068355
1.02525423729	0.999981471221 +/- 0.000221617144056
1.12677966102	1.00021414112 +/- 0.000276540116517
1.22830508475	1.0004994083 +/- 0.000389740622218
1.32983050847	1.00014025729 +/- 0.000504041751859
1.4313559322	1.00006294744 +/- 0.00070074774636
1.53288135593	0.999912459123 +/- 0.000868133294219
1.63440677966	0.999777265605 +/- 0.000985162950807
1.73593220339	0.998565120778 +/- 0.00154060129609
1.83745762712	0.999888057366 +/- 0.00170051170713
1.93898305085	1.00072994629 +/- 0.00219059587032
2.04050847458	0.995510125181 +/- 0.00259519534824
2.14203389831	1.15880753719 +/- 0.00505479050328
2.24355932203	2.67905499218 +/- 0.045103362326
2.34508474576	2.77937308527 +/- 0.0887664618188
2.44661016949	2.72571559102 +/- 0.16137165263
2.54813559322	3.06365111881 +/- 0.201154675364
2.64966101695	3.32655492538 +/- 0.354537622649
2.75118644068	2.79562648219 +/- 0.256927366342
2.85271186441	2.66985784662 +/- 0.222432914524
2.95423728814	3.13155824319 +/- 0.262346449009
3.05576271186	3.3628051503 +/- 0.451669353614
3.15728813559	2.1646090822 +/- 0.226590693928
3.25881355932	3.55332557514 +/- 0.622280017352
3.36033898305	2.67964356763 +/- 0.348445089245
3.46186440678	3.62505874251 +/- 0.475776065288
3.56338983051	2.82070439555 +/- 0.352697564076
3.66491525424	2.36452484868 +/- 0.267014078353
3.76644067797	3.5139297239 +/- 0.485445258274
3.86796610169	2.52048303229 +/- 0.372099333754
3.96949152542	2.84062798024 +/- 0.454184290611
4.07101694915	2.56035175158 +/- 0.302561612732
4.17254237288	2.13233451153 +/- 0.374354183127
4.27406779661	3.608156125 +/- 0.728183371692
4.37559322034	3.65548713965 +/- 0.588347681676
4.47711864407	2.10751158239 +/- 0.273620100313
4.5786440678	2.58141297039 +/- 0.351415430744
4.68016949153	2.15366671487 +/- 0.326612795425
4.78169491525	3.72868617908 +/- 0.789684185434
4.88322033898	2.71434465175 +/- 0.486433052054
4.98474576271	3.84329820659 +/- 0.574649984416
5.08627118644	3.60364751836 +/- 0.612944398001
5.18779661017	2.21608588439 +/- 0.28744943887
5.2893220339	1.58236163825 +/- 0.23437519191
5.39084745763	2.04374832058 +/- 0.375912039753
5.49237288136	2.48396692864 +/- 0.463014191722
5.59389830508	2.96014239285 +/- 0.519683018494
5.69542372881	3.05582204874 +/- 0.546117307603
5.79694915254	3.48153747449 +/- 0.735761018216
5.89847457627	3.19442632468 +/- 0.571565514964
6.0	1.72112685874 +/- 0.255240370924


# L = 12.0 
# X: T
# Y: Binder Cumulant
0.01	1.0 +/- 0.0
0.111525423729	1.0 +/- 0.0
0.213050847458	1.0 +/- 0.0
0.314576271186	1.0 +/- 0.0
0.416101694915	1.0 +/- 0.0
0.517627118644	0.999999333305 +/- 2.27796776575e-07
0.619152542373	1.0000265908 +/- 2.51222933069e-05
0.720677966102	0.999974611234 +/- 2.58419445835e-05
0.822203389831	0.999914305949 +/- 5.95621799347e-05
0.923728813559	0.999934474597 +/- 0.000106797255751
1.02525423729	0.999818550826 +/- 0.000185179271233
1.12677966102	0.99962496702 +/- 0.000254842677391
1.22830508475	1.00030242324 +/- 0.00036803959092
1.32983050847	0.999880811736 +/- 0.000453903298822
1.4313559322	1.00040602116 +/- 0.000652782247919
1.53288135593	0.999935187091 +/- 0.000756082596365
1.63440677966	1.00122926197 +/- 0.00117078024934
1.73593220339	1.00221470823 +/- 0.00130529381974
1.83745762712	1.00383944161 +/- 0.00154130791942
1.93898305085	1.01022026339 +/- 0.00205892438699
2.04050847458	1.03893729868 +/- 0.00268703048417
2.14203389831	1.15982514487 +/- 0.00438867037372
2.24355932203	1.50152469535 +/- 0.00734820482178
2.34508474576	1.99810313245 +/- 0.0132139000499
2.44661016949	2.37410063852 +/- 0.0229904156557
2.54813559322	2.58006096769 +/- 0.0356416003
2.64966101695	2.81948914034 +/- 0.0487995049557
2.75118644068	2.84597416155 +/- 0.0530017258296
2.85271186441	2.84390554464 +/- 0.0607090063205
2.95423728814	2.88078411678 +/- 0.0683692937006
3.05576271186	2.93901621898 +/- 0.0689345744911
3.15728813559	2.74198967482 +/- 0.0656566494065
3.25881355932	2.93705361473 +/- 0.0820139339616
3.36033898305	3.01631403782 +/- 0.0828995395617
3.46186440678	2.96865398625 +/- 0.103507395917
3.56338983051	2.92431665591 +/- 0.103507851967
3.66491525424	2.81114309194 +/- 0.0943430257805
3.76644067797	2.94636369241 +/- 0.121037316018
3.86796610169	2.85520999383 +/- 0.12283345545
3.96949152542	2.83649735154 +/- 0.105238331865
4.07101694915	2.86484086086 +/- 0.120241068317
4.17254237288	2.78611288473 +/- 0.109121966954
4.27406779661	3.1179907934 +/- 0.171440342954
4.37559322034	3.06244497204 +/- 0.164273925851
4.47711864407	2.8193352239 +/- 0.126307569886
4.5786440678	2.76051731674 +/- 0.123691982347
4.68016949153	3.09483234602 +/- 0.201122786071
4.78169491525	3.02270733467 +/- 0.142614293768
4.88322033898	3.13971925529 +/- 0.185669599734
4.98474576271	3.07929013193 +/- 0.185296581989
5.08627118644	2.81110077729 +/- 0.151591282057
5.18779661017	3.00308737157 +/- 0.148727452636
5.2893220339	2.92159122834 +/- 0.156264742918
5.39084745763	3.04458590105 +/- 0.217057223108
5.49237288136	2.99817251127 +/- 0.16682342442
5.59389830508	3.01603127047 +/- 0.201855973892
5.69542372881	2.91486025474 +/- 0.166006587741
5.79694915254	3.10113598673 +/- 0.185052025919
5.89847457627	2.80607697392 +/- 0.132835774205
6.0	2.96932146767 +/- 0.214002482444


